0.02;97;97;0.00;0.00;30;20;0.00;0.00;0.00;0.00;0;0
0.02;97;97;0.00;0.00;30;20;0.00;0.00;0.00;0.00;0;0
0.01;98;97;0.00;0.00;30;20;0.00;0.00;0.00;0.00;0;0
0.02;96;97;0.00;0.00;30;20;0.00;0.00;0.00;0.00;0;0
0.02;97;97;0.00;0.00;30;20;0.00;0.00;0.00;0.00;0;0
0.02;98;97;0.00;0.00;30;20;0.00;0.00;0.00;0.00;0;0
0.02;97;98;0.00;0.00;30;20;0.00;0.00;0.00;0.00;0;0
0.02;97;97;0.00;0.00;30;20;0.00;0.00;0.00;0.00;0;0
0.02;97;98;0.00;0.00;30;20;0.00;0.00;0.00;0.00;0;0
0.02;98;96;0.00;0.00;30;20;0.00;0.00;0.00;0.00;0;0
0.02;97;97;0.00;0.00;30;20;0.00;0.00;0.00;0.00;0;0
0.02;97;97;0.00;0.00;30;20;0.00;0.00;0.00;0.00;0;0
0.01;97;96;0.00;0.00;30;20;0.00;0.00;0.00;0.00;0;0
0.02;98;98;0.00;0.00;30;20;0.00;0.00;0.00;0.00;0;0
0.02;97;97;0.00;0.00;30;20;0.00;0.00;0.00;0.00;0;0
0.02;97;98;0.00;0.00;30;20;0.00;0.00;0.00;0.00;0;0
0.02;97;97;0.00;0.00;30;20;0.00;0.00;0.00;0.00;0;0
0.02;98;97;0.00;0.00;30;20;0.00;0.00;0.00;0.00;0;0
0.02;97;97;0.00;0.00;30;20;0.00;0.00;0.00;0.00;0;0
0.02;97;97;0.00;0.00;30;20;0.00;0.00;0.00;0.00;0;0
0.02;97;96;0.00;0.00;30;20;0.00;0.00;0.00;0.00;0;0
0.01;98;98;0.00;0.00;30;20;0.00;0.00;0.00;0.00;0;0
0.02;97;97;0.00;0.00;30;20;0.00;0.00;0.00;0.00;0;0
0.02;98;98;0.00;0.00;30;20;0.00;0.00;0.00;0.00;0;0
0.02;97;98;0.00;0.00;30;20;0.00;0.00;0.00;0.00;0;0
0.02;97;96;0.00;0.00;30;20;0.00;0.00;0.00;0.00;0;0
0.02;98;98;0.00;0.00;30;20;0.00;0.00;0.00;0.00;0;0
0.02;98;98;0.00;0.00;30;20;0.00;0.00;0.00;0.00;0;0
0.02;98;98;0.00;0.00;30;20;0.00;0.00;0.00;0.00;0;0
0.02;97;98;0.00;0.00;30;20;0.00;0.00;0.00;0.00;0;0
0.02;98;98;0.00;0.00;30;20;0.00;0.00;0.00;0.00;0;0
0.02;97;97;0.00;0.00;30;20;0.00;0.00;0.00;0.00;0;0
0.02;98;96;0.00;0.00;30;20;0.00;0.00;0.00;0.00;0;0
0.02;97;97;0.00;0.00;30;20;0.00;0.00;0.00;0.00;0;0
0.02;97;97;0.00;0.00;30;20;0.00;0.00;0.00;0.00;0;0
0.02;97;98;0.00;0.00;30;20;0.00;0.00;0.00;0.00;0;0
0.02;97;97;0.00;0.00;30;20;0.00;0.00;0.00;0.00;0;0
0.02;97;98;0.00;0.00;30;20;0.00;0.00;0.00;0.00;0;0
0.02;97;98;0.00;0.00;30;20;0.00;0.00;0.00;0.00;0;0
0.02;98;97;0.00;0.00;30;20;0.00;0.00;0.00;0.00;0;0
0.02;98;98;0.00;0.00;30;20;0.00;0.00;0.00;0.00;0;0
0.02;97;98;0.00;0.00;30;20;0.00;0.00;0.00;0.00;0;0
0.02;97;97;0.00;0.00;30;20;0.00;0.00;0.00;0.00;0;0
0.02;97;97;0.00;0.00;30;20;0.00;0.00;0.00;0.00;0;0
0.02;98;97;0.00;0.00;30;20;0.00;0.00;0.00;0.00;0;0
0.02;97;98;0.00;0.00;30;20;0.00;0.00;0.00;0.00;0;0
0.01;97;97;0.00;0.00;30;20;0.00;0.00;0.00;0.00;0;0
0.02;97;97;0.00;0.00;30;20;0.00;0.00;0.00;0.00;0;0
0.02;98;96;0.00;0.00;30;20;0.00;0.00;0.00;0.00;0;0
0.02;97;98;0.00;0.00;30;20;0.00;0.00;0.00;0.00;0;0
0.02;97;98;0.00;0.00;30;20;0.00;0.00;0.00;0.00;0;0
0.02;97;97;0.00;0.00;30;20;0.00;0.00;0.00;0.00;0;0
0.02;97;98;0.00;0.00;30;20;0.00;0.00;0.00;0.00;0;0
0.02;97;98;0.00;0.00;30;20;0.00;0.00;0.00;0.00;0;0
0.02;97;97;0.00;0.00;30;20;0.00;0.00;0.00;0.00;0;0
0.01;97;97;0.00;0.00;30;20;0.00;0.00;0.00;0.00;0;0
0.02;98;96;0.00;0.00;30;20;0.00;0.00;0.00;0.00;0;0
0.02;98;97;0.00;0.00;30;20;0.00;0.00;0.00;0.00;0;0
0.02;97;97;0.00;0.00;30;20;0.00;0.00;0.00;0.00;0;0
0.02;97;98;0.00;0.00;30;20;0.00;0.00;0.00;0.00;0;0
0.02;97;97;0.00;0.00;30;20;0.00;0.00;0.00;0.00;0;0
0.02;97;98;0.00;0.00;30;20;0.00;0.00;0.00;0.00;0;0
0.02;97;97;0.00;0.00;30;20;0.00;0.00;0.00;0.00;0;0
0.02;97;98;0.00;0.00;30;20;0.00;0.00;0.00;0.00;0;0
0.02;97;98;0.00;0.00;30;20;0.00;0.00;0.00;0.00;0;0
0.02;97;97;0.00;0.00;30;20;0.00;0.00;0.00;0.00;0;0
0.02;97;98;0.00;0.00;30;20;0.00;0.00;0.00;0.00;0;0
0.02;97;98;0.00;0.00;30;20;0.00;0.00;0.00;0.00;0;0
0.02;98;98;0.00;0.00;30;20;0.00;0.00;0.00;0.00;0;0
0.02;97;98;0.00;0.00;30;20;0.00;0.00;0.00;0.00;0;0
0.02;97;98;0.00;0.00;30;20;0.00;0.00;0.00;0.00;0;0
0.02;97;98;0.00;0.00;30;20;0.00;0.00;0.00;0.00;0;0
0.02;98;97;0.00;0.00;30;20;0.00;0.00;0.00;0.00;0;0
0.02;97;98;0.00;0.00;30;20;0.00;0.00;0.00;0.00;0;0
0.02;98;97;0.00;0.00;30;20;0.00;0.00;0.00;0.00;0;0
0.02;97;98;0.00;0.00;30;20;0.00;0.00;0.00;0.00;0;0
0.02;97;97;0.00;0.00;30;20;0.00;0.00;0.00;0.00;0;0
0.02;97;96;0.00;0.00;30;20;0.00;0.00;0.00;0.00;0;0
0.01;97;98;0.00;0.00;30;20;0.00;0.00;0.00;0.00;0;0
0.02;97;98;0.00;0.00;30;20;0.00;0.00;0.00;0.00;0;0
0.02;97;97;0.00;0.00;30;20;0.00;0.00;0.00;0.00;0;0
0.02;98;98;0.00;0.00;30;20;0.00;0.00;0.00;0.00;0;0
0.02;97;96;0.00;0.00;30;20;0.00;0.00;0.00;0.00;0;0
0.02;97;96;0.00;0.00;30;20;0.00;0.00;0.00;0.00;0;0
0.02;98;98;0.00;0.00;30;20;0.00;0.00;0.00;0.00;0;0
0.02;97;97;0.00;0.00;30;20;0.00;0.00;0.00;0.00;0;0
0.02;97;97;0.00;0.00;30;20;0.00;0.00;0.00;0.00;0;0
0.02;97;98;0.00;0.00;30;20;0.00;0.00;0.00;0.00;0;0
0.01;97;97;0.00;0.00;30;20;0.00;0.00;0.00;0.00;0;0
0.02;98;98;0.00;0.00;30;20;0.00;0.00;0.00;0.00;0;0
0.02;97;97;0.00;0.00;30;20;0.00;0.00;0.00;0.00;0;0
0.02;97;96;0.00;0.00;30;20;0.00;0.00;0.00;0.00;0;0
0.02;97;97;0.00;0.00;30;20;0.00;0.00;0.00;0.00;0;0
0.02;97;96;0.00;0.00;30;20;0.00;0.00;0.00;0.00;0;0
0.02;97;97;0.00;0.00;30;20;0.00;0.00;0.00;0.00;0;0
0.02;97;97;0.00;0.00;30;20;0.00;0.00;0.00;0.00;0;0
0.01;97;98;0.00;0.00;30;20;0.00;0.00;0.00;0.00;0;0
0.02;97;97;0.00;0.00;30;20;0.00;0.00;0.00;0.00;0;0
0.02;97;96;0.00;0.00;30;20;0.00;0.00;0.00;0.00;0;0
0.02;98;97;0.00;0.00;30;20;0.00;0.00;0.00;0.00;0;0
0.02;99;97;0.00;0.00;30;20;0.00;0.00;0.00;0.00;0;0
0.02;97;98;0.00;0.00;30;20;0.00;0.00;0.00;0.00;0;0
0.02;97;98;0.00;0.00;30;20;0.00;0.00;0.00;0.00;0;0
0.02;98;98;0.00;0.00;30;20;0.00;0.00;0.00;0.00;0;0
0.02;98;97;0.00;0.00;30;20;0.00;0.00;0.00;0.00;0;0
0.02;97;97;0.00;0.00;30;20;0.00;0.00;0.00;0.00;0;0
0.02;97;96;0.00;0.00;30;20;0.00;0.00;0.00;0.00;0;0
0.01;97;97;0.00;0.00;30;20;0.00;0.00;0.00;0.00;0;0
0.02;97;97;0.00;0.00;30;20;0.00;0.00;0.00;0.00;0;0
0.02;97;97;0.00;0.00;30;20;0.00;0.00;0.00;0.00;0;0
0.02;97;96;0.00;0.00;30;20;0.00;0.00;0.00;0.00;0;0
0.02;97;97;0.00;0.00;30;20;0.00;0.00;0.00;0.00;0;0
0.02;97;97;0.00;0.00;30;20;0.00;0.00;0.00;0.00;0;0
0.02;97;98;0.00;0.00;30;20;0.00;0.00;0.00;0.00;0;0
0.02;97;98;0.00;0.00;30;20;0.00;0.00;0.00;0.00;0;0
0.02;97;97;0.00;0.00;30;20;0.00;0.00;0.00;0.00;0;0
0.02;97;97;0.00;0.00;30;20;0.00;0.00;0.00;0.00;0;0
0.02;97;97;0.00;0.00;30;20;0.00;0.00;0.00;0.00;0;0
0.02;97;97;0.00;0.00;30;20;0.00;0.00;0.00;0.00;0;0
0.02;98;97;0.00;0.00;30;20;0.00;0.00;0.00;0.00;0;0
0.02;97;97;0.00;0.00;30;20;0.00;0.00;0.00;0.00;0;0
0.02;97;97;0.00;0.00;30;20;0.00;0.00;0.00;0.00;0;0
0.02;97;97;0.00;0.00;30;20;0.00;0.00;0.00;0.00;0;0
0.02;97;97;0.00;0.00;30;20;0.00;0.00;0.00;0.00;0;0
0.02;97;97;0.00;0.00;30;20;0.00;0.00;0.00;0.00;0;0
0.01;97;97;0.00;0.00;30;20;0.00;0.00;0.00;0.00;0;0
0.02;97;97;0.00;0.00;30;20;0.00;0.00;0.00;0.00;0;0
0.02;97;97;0.00;0.00;30;20;0.00;0.00;0.00;0.00;0;0
0.02;97;97;0.00;0.00;30;20;0.00;0.00;0.00;0.00;0;0
0.02;97;97;0.00;0.00;30;20;0.00;0.00;0.00;0.00;0;0
0.02;98;97;0.00;0.00;30;20;0.00;0.00;0.00;0.00;0;0
0.02;97;98;0.00;0.00;30;20;0.00;0.00;0.00;0.00;0;0
0.02;97;98;0.00;0.00;30;20;0.00;0.00;0.00;0.00;0;0
0.02;97;97;0.00;0.00;30;20;0.00;0.00;0.00;0.00;0;0
0.02;97;97;0.00;0.00;30;20;0.00;0.00;0.00;0.00;0;0
0.02;97;98;0.00;0.00;30;20;0.00;0.00;0.00;0.00;0;0
0.02;97;98;0.00;0.00;30;20;0.00;0.00;0.00;0.00;0;0
0.02;97;98;0.00;0.00;30;20;0.00;0.00;0.00;0.00;0;0
0.02;97;98;0.00;0.00;30;20;0.00;0.00;0.00;0.00;0;0
0.02;97;97;0.00;0.00;30;20;0.00;0.00;0.00;0.00;0;0
0.02;97;97;0.00;0.00;30;20;0.00;0.00;0.00;0.00;0;0
0.02;97;97;0.00;0.00;30;20;0.00;0.00;0.00;0.00;0;0
0.02;97;97;0.00;0.00;30;20;0.00;0.00;0.00;0.00;0;0
0.02;97;98;0.00;0.00;30;20;0.00;0.00;0.00;0.00;0;0
0.02;97;98;0.00;0.00;30;20;0.00;0.00;0.00;0.00;0;0
0.02;97;97;0.00;0.00;30;20;0.00;0.00;0.00;0.00;0;0
0.02;97;98;0.00;0.00;30;20;0.00;0.00;0.00;0.00;0;0
0.02;97;98;0.00;0.00;30;20;0.00;0.00;0.00;0.00;0;0
0.02;97;96;0.00;0.00;30;20;0.00;0.00;0.00;0.00;0;0
0.02;97;97;0.00;0.00;30;20;0.00;0.00;0.00;0.00;0;0
0.02;97;97;0.00;0.00;30;20;0.00;0.00;0.00;0.00;0;0
0.02;97;98;0.00;0.00;30;20;0.00;0.00;0.00;0.00;0;0
0.01;97;98;0.00;0.00;30;20;0.00;0.00;0.00;0.00;0;0
0.02;97;97;0.00;0.00;30;20;0.00;0.00;0.00;0.00;0;0
0.02;97;98;0.00;0.00;30;20;0.00;0.00;0.00;0.00;0;0
0.02;97;97;0.00;0.00;30;20;0.00;0.00;0.00;0.00;0;0
0.02;97;97;0.00;0.00;30;20;0.00;0.00;0.00;0.00;0;0
0.02;97;98;0.00;0.00;30;20;0.00;0.00;0.00;0.00;0;0
0.02;97;98;0.00;0.00;30;20;0.00;0.00;0.00;0.00;0;0
0.02;98;97;0.00;0.00;30;20;0.00;0.00;0.00;0.00;0;0
0.02;97;96;0.00;0.00;30;20;0.00;0.00;0.00;0.00;0;0
0.02;97;98;0.00;0.00;30;20;0.00;0.00;0.00;0.00;0;0
0.01;97;97;0.00;0.00;30;20;0.00;0.00;0.00;0.00;0;0
0.02;97;97;0.00;0.00;30;20;0.00;0.00;0.00;0.00;0;0
0.02;98;98;0.00;0.00;30;20;0.00;0.00;0.00;0.00;0;0
0.02;97;98;0.00;0.00;30;20;0.00;0.00;0.00;0.00;0;0
0.02;98;97;0.00;0.00;30;20;0.00;0.00;0.00;0.00;0;0
0.02;97;97;0.00;0.00;30;20;0.00;0.00;0.00;0.00;0;0
0.02;97;97;0.00;0.00;30;20;0.00;0.00;0.00;0.00;0;0
0.02;97;97;0.00;0.00;30;20;0.00;0.00;0.00;0.00;0;0
0.02;97;97;0.00;0.00;30;20;0.00;0.00;0.00;0.00;0;0
0.02;97;97;0.00;0.00;30;20;0.00;0.00;0.00;0.00;0;0
0.01;97;97;0.00;0.00;30;20;0.00;0.00;0.00;0.00;0;0
0.02;97;98;0.00;0.00;30;20;0.00;0.00;0.00;0.00;0;0
0.02;97;96;0.00;0.00;30;20;0.00;0.00;0.00;0.00;0;0
0.02;97;98;0.00;0.00;30;20;0.00;0.00;0.00;0.00;0;0
0.02;97;98;0.00;0.00;30;20;0.00;0.00;0.00;0.00;0;0
0.02;97;97;0.00;0.00;30;20;0.00;0.00;0.00;0.00;0;0
0.02;97;97;0.00;0.00;30;20;0.00;0.00;0.00;0.00;0;0
0.02;97;97;0.00;0.00;30;20;0.00;0.00;0.00;0.00;0;0
0.02;97;97;0.00;0.00;30;20;0.00;0.00;0.00;0.00;0;0
0.02;97;97;0.00;0.00;30;20;0.00;0.00;0.00;0.00;0;0
0.02;97;98;0.00;0.00;30;20;0.00;0.00;0.00;0.00;0;0
0.02;97;97;0.00;0.00;30;20;0.00;0.00;0.00;0.00;0;0
0.02;97;97;0.00;0.00;30;20;0.00;0.00;0.00;0.00;0;0
0.02;97;97;0.00;0.00;30;20;0.00;0.00;0.00;0.00;0;0
0.02;97;97;0.00;0.00;30;20;0.00;0.00;0.00;0.00;0;0
0.02;97;97;0.00;0.00;30;20;0.00;0.00;0.00;0.00;0;0
0.02;97;97;0.00;0.00;30;20;0.00;0.00;0.00;0.00;0;0
0.02;97;97;0.00;0.00;30;20;0.00;0.00;0.00;0.00;0;0
0.02;97;97;0.00;0.00;30;20;0.00;0.00;0.00;0.00;0;0
0.02;97;96;0.00;0.00;30;20;0.00;0.00;0.00;0.00;0;0
0.02;97;98;0.00;0.00;30;20;0.00;0.00;0.00;0.00;0;0
0.02;96;97;0.00;0.00;30;20;0.00;0.00;0.00;0.00;0;0
0.02;97;97;0.00;0.00;30;20;0.00;0.00;0.00;0.00;0;0
0.02;97;97;0.00;0.00;30;20;0.00;0.00;0.00;0.00;0;0
0.02;98;98;0.00;0.00;30;20;0.00;0.00;0.00;0.00;0;0
0.02;97;98;0.00;0.00;30;20;0.00;0.00;0.00;0.00;0;0
0.02;97;96;0.00;0.00;30;20;0.00;0.00;0.00;0.00;0;0
0.01;97;97;0.00;0.00;30;20;0.00;0.00;0.00;0.00;0;0
0.02;98;98;0.00;0.00;30;20;0.00;0.00;0.00;0.00;0;0
0.02;96;97;0.00;0.00;30;20;0.00;0.00;0.00;0.00;0;0
0.02;98;98;0.00;0.00;30;20;0.00;0.00;0.00;0.00;0;0
0.02;98;97;0.00;0.00;30;20;0.00;0.00;0.00;0.00;0;0
0.02;98;97;0.00;0.00;30;20;0.00;0.00;0.00;0.00;0;0
0.02;97;98;0.00;0.00;30;20;0.00;0.00;0.00;0.00;0;0
0.02;97;97;0.00;0.00;30;20;0.00;0.00;0.00;0.00;0;0
0.02;97;97;0.00;0.00;30;20;0.00;0.00;0.00;0.00;0;0
0.02;98;97;0.00;0.00;30;20;0.00;0.00;0.00;0.00;0;0
0.01;97;96;0.00;0.00;30;20;0.00;0.00;0.00;0.00;0;0
0.02;97;98;0.00;0.00;30;20;0.00;0.00;0.00;0.00;0;0
0.02;96;97;0.00;0.00;30;20;0.00;0.00;0.00;0.00;0;0
0.02;96;97;0.00;0.00;30;20;0.00;0.00;0.00;0.00;0;0
0.02;97;98;0.00;0.00;30;20;0.00;0.00;0.00;0.00;0;0
0.02;97;97;0.00;0.00;30;20;0.00;0.00;0.00;0.00;0;0
0.02;97;97;0.00;0.00;30;20;0.00;0.00;0.00;0.00;0;0
0.02;97;97;0.00;0.00;30;20;0.00;0.00;0.00;0.00;0;0
0.02;97;97;0.00;0.00;30;20;0.00;0.00;0.00;0.00;0;0
0.02;97;97;0.00;0.00;30;20;0.00;0.00;0.00;0.00;0;0
0.02;98;97;0.00;0.00;30;20;0.00;0.00;0.00;0.00;0;0
0.02;97;97;0.00;0.00;30;20;0.00;0.00;0.00;0.00;0;0
0.02;97;97;0.00;0.00;30;20;0.00;0.00;0.00;0.00;0;0
0.02;97;98;0.00;0.00;30;20;0.00;0.00;0.00;0.00;0;0
0.02;97;97;0.00;0.00;30;20;0.00;0.00;0.00;0.00;0;0
0.02;97;97;0.00;0.00;30;20;0.00;0.00;0.00;0.00;0;0
0.02;97;97;0.00;0.00;30;20;0.00;0.00;0.00;0.00;0;0
0.02;97;97;0.00;0.00;30;20;0.00;0.00;0.00;0.00;0;0
0.01;97;96;0.00;0.00;30;20;0.00;0.00;0.00;0.00;0;0
0.02;97;97;0.00;0.00;30;20;0.00;0.00;0.00;0.00;0;0
0.02;97;97;0.00;0.00;30;20;0.00;0.00;0.00;0.00;0;0
0.02;98;98;0.00;0.00;30;20;0.00;0.00;0.00;0.00;0;0
0.02;98;96;0.00;0.00;30;20;0.00;0.00;0.00;0.00;0;0
0.02;97;97;0.00;0.00;30;20;0.00;0.00;0.00;0.00;0;0
0.02;97;98;0.00;0.00;30;20;0.00;0.00;0.00;0.00;0;0
0.02;97;97;0.00;0.00;30;20;0.00;0.00;0.00;0.00;0;0
0.02;97;98;0.00;0.00;30;20;0.00;0.00;0.00;0.00;0;0
0.02;97;96;0.00;0.00;30;20;0.00;0.00;0.00;0.00;0;0
0.01;97;97;0.00;0.00;30;20;0.00;0.00;0.00;0.00;0;0
0.02;97;96;0.00;0.00;30;20;0.00;0.00;0.00;0.00;0;0
0.02;98;97;0.00;0.00;30;20;0.00;0.00;0.00;0.00;0;0
0.02;97;97;0.00;0.00;30;20;0.00;0.00;0.00;0.00;0;0
0.02;97;98;0.00;0.00;30;20;0.00;0.00;0.00;0.00;0;0
0.02;97;96;0.00;0.00;30;20;0.00;0.00;0.00;0.00;0;0
0.02;97;97;0.00;0.00;30;20;0.00;0.00;0.00;0.00;0;0
0.02;98;97;0.00;0.00;30;20;0.00;0.00;0.00;0.00;0;0
0.02;97;98;0.00;0.00;30;20;0.00;0.00;0.00;0.00;0;0
0.02;97;98;0.00;0.00;30;20;0.00;0.00;0.00;0.00;0;0
0.02;97;97;0.00;0.00;30;20;0.00;0.00;0.00;0.00;0;0
0.02;97;97;0.00;0.00;30;20;0.00;0.00;0.00;0.00;0;0
0.02;97;96;0.00;0.00;30;20;0.00;0.00;0.00;0.00;0;0
0.02;97;97;0.00;0.00;30;20;0.00;0.00;0.00;0.00;0;0
0.02;97;97;0.00;0.00;30;20;0.00;0.00;0.00;0.00;0;0
0.02;97;97;0.00;0.00;30;20;0.00;0.00;0.00;0.00;0;0
0.02;97;96;0.00;0.00;30;20;0.00;0.00;0.00;0.00;0;0
0.01;97;97;0.00;0.00;30;20;0.00;0.00;0.00;0.00;0;0
0.02;97;97;0.00;0.00;30;20;0.00;0.00;0.00;0.00;0;0
0.02;96;97;0.00;0.00;30;20;0.00;0.00;0.00;0.00;0;0
0.02;97;97;0.00;0.00;30;20;0.00;0.00;0.00;0.00;0;0
0.02;97;98;0.00;0.00;30;20;0.00;0.00;0.00;0.00;0;0
0.02;97;97;0.00;0.00;30;20;0.00;0.00;0.00;0.00;0;0
0.02;98;98;0.00;0.00;30;20;0.00;0.00;0.00;0.00;0;0
0.02;97;98;0.00;0.00;30;20;0.00;0.00;0.00;0.00;0;0
0.02;97;96;0.00;0.00;30;20;0.00;0.00;0.00;0.00;0;0
0.02;98;97;0.00;0.00;30;20;0.00;0.00;0.00;0.00;0;0
0.02;97;97;0.00;0.00;30;20;0.00;0.00;0.00;0.00;0;0
0.02;97;97;0.00;0.00;30;20;0.00;0.00;0.00;0.00;0;0
0.02;97;98;0.00;0.00;30;20;0.00;0.00;0.00;0.00;0;0
0.02;97;97;0.00;0.00;30;20;0.00;0.00;0.00;0.00;0;0
0.02;97;97;0.00;0.00;30;20;0.00;0.00;0.00;0.00;0;0
0.02;97;98;0.00;0.00;30;20;0.00;0.00;0.00;0.00;0;0
0.02;97;98;0.00;0.00;30;20;0.00;0.00;0.00;0.00;0;0
0.02;97;98;0.00;0.00;30;20;0.00;0.00;0.00;0.00;0;0
0.02;97;97;0.00;0.00;30;20;0.00;0.00;0.00;0.00;0;0
0.02;97;98;0.00;0.00;30;20;0.00;0.00;0.00;0.00;0;0
0.02;97;97;0.00;0.00;30;20;0.00;0.00;0.00;0.00;0;0
0.02;97;97;0.00;0.00;30;20;0.00;0.00;0.00;0.00;0;0
0.02;97;96;0.00;0.00;30;20;0.00;0.00;0.00;0.00;0;0
0.02;98;98;0.00;0.00;30;20;0.00;0.00;0.00;0.00;0;0
0.02;96;98;0.00;0.00;30;20;0.00;0.00;0.00;0.00;0;0
0.02;97;97;0.00;0.00;30;20;0.00;0.00;0.00;0.00;0;0
0.02;97;97;0.00;0.00;30;20;0.00;0.00;0.00;0.00;0;0
0.02;98;97;0.00;0.00;30;20;0.00;0.00;0.00;0.00;0;0
0.02;97;97;0.00;0.00;30;20;0.00;0.00;0.00;0.00;0;0
0.01;98;97;0.00;0.00;30;20;0.00;0.00;0.00;0.00;0;0
0.02;98;97;0.00;0.00;30;20;0.00;0.00;0.00;0.00;0;0
0.02;98;98;0.00;0.00;30;20;0.00;0.00;0.00;0.00;0;0
0.02;97;97;0.00;0.00;30;20;0.00;0.00;0.00;0.00;0;0
0.02;97;97;0.00;0.00;30;20;0.00;0.00;0.00;0.00;0;0
0.02;97;97;0.00;0.00;30;20;0.00;0.00;0.00;0.00;0;0
0.02;97;97;0.00;0.00;30;20;0.00;0.00;0.00;0.00;0;0
0.02;97;98;0.00;0.00;30;20;0.00;0.00;0.00;0.00;0;0
0.02;97;97;0.00;0.00;30;20;0.00;0.00;0.00;0.00;0;0
0.02;97;97;0.00;0.00;30;20;0.00;0.00;0.00;0.00;0;0
0.02;97;97;0.00;0.00;30;20;0.00;0.00;0.00;0.00;0;0
0.02;98;97;0.00;0.00;30;20;0.00;0.00;0.00;0.00;0;0
0.01;97;97;0.00;0.00;30;20;0.00;0.00;0.00;0.00;0;0
0.02;96;98;0.00;0.00;30;20;0.00;0.00;0.00;0.00;0;0
0.02;97;98;0.00;0.00;30;20;0.00;0.00;0.00;0.00;0;0
0.02;97;97;0.00;0.00;30;20;0.00;0.00;0.00;0.00;0;0
0.02;98;96;0.00;0.00;30;20;0.00;0.00;0.00;0.00;0;0
0.02;97;97;0.00;0.00;30;20;0.00;0.00;0.00;0.00;0;0
0.02;96;97;0.00;0.00;30;20;0.00;0.00;0.00;0.00;0;0
0.02;97;97;0.00;0.00;30;20;0.00;0.00;0.00;0.00;0;0
0.02;97;97;0.00;0.00;30;20;0.00;0.00;0.00;0.00;0;0
0.01;97;98;0.00;0.00;30;20;0.00;0.00;0.00;0.00;0;0
0.02;97;98;0.00;0.00;30;20;0.00;0.00;0.00;0.00;0;0
0.02;97;96;0.00;0.00;30;20;0.00;0.00;0.00;0.00;0;0
0.02;97;96;0.00;0.00;30;20;0.00;0.00;0.00;0.00;0;0
0.02;97;96;0.00;0.00;30;20;0.00;0.00;0.00;0.00;0;0
0.02;97;97;0.00;0.00;30;20;0.00;0.00;0.00;0.00;0;0
0.02;97;97;0.00;0.00;30;20;0.00;0.00;0.00;0.00;0;0
0.02;97;97;0.00;0.00;30;20;0.00;0.00;0.00;0.00;0;0
0.01;97;97;0.00;0.00;30;20;0.00;0.00;0.00;0.00;0;0
0.02;97;98;0.00;0.00;30;20;0.00;0.00;0.00;0.00;0;0
0.02;97;97;0.00;0.00;30;20;0.00;0.00;0.00;0.00;0;0
0.02;98;96;0.00;0.00;30;20;0.00;0.00;0.00;0.00;0;0
0.02;97;97;0.00;0.00;30;20;0.00;0.00;0.00;0.00;0;0
0.02;97;97;0.00;0.00;30;20;0.00;0.00;0.00;0.00;0;0
0.02;97;97;0.00;0.00;30;20;0.00;0.00;0.00;0.00;0;0
0.02;97;96;0.00;0.00;30;20;0.00;0.00;0.00;0.00;0;0
0.02;97;96;0.00;0.00;30;20;0.00;0.00;0.00;0.00;0;0
0.02;97;97;0.00;0.00;30;20;0.00;0.00;0.00;0.00;0;0
0.02;98;97;0.00;0.00;30;20;0.00;0.00;0.00;0.00;0;0
0.02;97;97;0.00;0.00;30;20;0.00;0.00;0.00;0.00;0;0
0.02;97;98;0.00;0.00;30;20;0.00;0.00;0.00;0.00;0;0
0.02;97;97;0.00;0.00;30;20;0.00;0.00;0.00;0.00;0;0
0.02;98;98;0.00;0.00;30;20;0.00;0.00;0.00;0.00;0;0
0.02;97;97;0.00;0.00;30;20;0.00;0.00;0.00;0.00;0;0
0.02;97;97;0.00;0.00;30;20;0.00;0.00;0.00;0.00;0;0
0.01;97;98;0.00;0.00;30;20;0.00;0.00;0.00;0.00;0;0
0.02;96;97;0.00;0.00;30;20;0.00;0.00;0.00;0.00;0;0
0.02;97;96;0.00;0.00;30;20;0.00;0.00;0.00;0.00;0;0
0.02;97;97;0.00;0.00;30;20;0.00;0.00;0.00;0.00;0;0
0.02;98;98;0.00;0.00;30;20;0.00;0.00;0.00;0.00;0;0
0.02;97;97;0.00;0.00;30;20;0.00;0.00;0.00;0.00;0;0
0.02;97;98;0.00;0.00;30;20;0.00;0.00;0.00;0.00;0;0
0.02;97;97;0.00;0.00;30;20;0.00;0.00;0.00;0.00;0;0
0.02;97;98;0.00;0.00;30;20;0.00;0.00;0.00;0.00;0;0
0.02;97;97;0.00;0.00;30;20;0.00;0.00;0.00;0.00;0;0
0.02;97;97;0.00;0.00;30;20;0.00;0.00;0.00;0.00;0;0
0.02;97;98;0.00;0.00;30;20;0.00;0.00;0.00;0.00;0;0
0.02;98;98;0.00;0.00;30;20;0.00;0.00;0.00;0.00;0;0
0.02;97;98;0.00;0.00;30;20;0.00;0.00;0.00;0.00;0;0
0.02;96;97;0.00;0.00;30;20;0.00;0.00;0.00;0.00;0;0
0.02;97;97;0.00;0.00;30;20;0.00;0.00;0.00;0.00;0;0
0.02;97;97;0.00;0.00;30;20;0.00;0.00;0.00;0.00;0;0
0.02;97;97;0.00;0.00;30;20;0.00;0.00;0.00;0.00;0;0
0.02;97;96;0.00;0.00;30;20;0.00;0.00;0.00;0.00;0;0
0.01;98;97;0.00;0.00;30;20;0.00;0.00;0.00;0.00;0;0
0.02;97;97;0.00;0.00;30;20;0.00;0.00;0.00;0.00;0;0
0.02;97;96;0.00;0.00;30;20;0.00;0.00;0.00;0.00;0;0
0.02;98;97;0.00;0.00;30;20;0.00;0.00;0.00;0.00;0;0
0.02;97;98;0.00;0.00;30;20;0.00;0.00;0.00;0.00;0;0
0.02;96;98;0.00;0.00;30;20;0.00;0.00;0.00;0.00;0;0
0.02;96;97;0.00;0.00;30;20;0.00;0.00;0.00;0.00;0;0
0.02;97;97;0.00;0.00;30;20;0.00;0.00;0.00;0.00;0;0
0.02;98;97;0.00;0.00;30;20;0.00;0.00;0.00;0.00;0;0
0.02;98;98;0.00;0.00;30;20;0.00;0.00;0.00;0.00;0;0
0.01;97;97;0.00;0.00;30;20;0.00;0.00;0.00;0.00;0;0
0.02;97;97;0.00;0.00;30;20;0.00;0.00;0.00;0.00;0;0
0.02;96;97;0.00;0.00;30;20;0.00;0.00;0.00;0.00;0;0
0.02;96;98;0.00;0.00;30;20;0.00;0.00;0.00;0.00;0;0
0.02;97;97;0.00;0.00;30;20;0.00;0.00;0.00;0.00;0;0
0.02;97;97;0.00;0.00;30;20;0.00;0.00;0.00;0.00;0;0
0.02;97;97;0.00;0.00;30;20;0.00;0.00;0.00;0.00;0;0
0.02;98;98;0.00;0.00;30;20;0.00;0.00;0.00;0.00;0;0
0.02;98;96;0.00;0.00;30;20;0.00;0.00;0.00;0.00;0;0
0.01;97;97;0.00;0.00;30;20;0.00;0.00;0.00;0.00;0;0
0.02;97;97;0.00;0.00;30;20;0.00;0.00;0.00;0.00;0;0
0.02;96;97;0.00;0.00;30;20;0.00;0.00;0.00;0.00;0;0
0.02;97;98;0.00;0.00;30;20;0.00;0.00;0.00;0.00;0;0
0.02;97;97;0.00;0.00;30;20;0.00;0.00;0.00;0.00;0;0
0.02;97;97;0.00;0.00;30;20;0.00;0.00;0.00;0.00;0;0
0.02;97;97;0.00;0.00;30;20;0.00;0.00;0.00;0.00;0;0
0.02;97;97;0.00;0.00;30;20;0.00;0.00;0.00;0.00;0;0
0.02;97;96;0.00;0.00;30;20;0.00;0.00;0.00;0.00;0;0
0.01;97;97;0.00;0.00;30;20;0.00;0.00;0.00;0.00;0;0
0.02;97;96;0.00;0.00;30;20;0.00;0.00;0.00;0.00;0;0
0.02;98;97;0.00;0.00;30;20;0.00;0.00;0.00;0.00;0;0
0.02;96;97;0.00;0.00;30;20;0.00;0.00;0.00;0.00;0;0
0.02;97;98;0.00;0.00;30;20;0.00;0.00;0.00;0.00;0;0
0.02;97;96;0.00;0.00;30;20;0.00;0.00;0.00;0.00;0;0
0.02;97;97;0.00;0.00;30;20;0.00;0.00;0.00;0.00;0;0
0.02;97;97;0.00;0.00;30;20;0.00;0.00;0.00;0.00;0;0
0.02;97;98;0.00;0.00;30;20;0.00;0.00;0.00;0.00;0;0
0.02;97;97;0.00;0.00;30;20;0.00;0.00;0.00;0.00;0;0
0.02;97;97;0.00;0.00;30;20;0.00;0.00;0.00;0.00;0;0
0.02;96;98;0.00;0.00;30;20;0.00;0.00;0.00;0.00;0;0
0.02;96;97;0.00;0.00;30;20;0.00;0.00;0.00;0.00;0;0
0.02;97;98;0.00;0.00;30;20;0.00;0.00;0.00;0.00;0;0
0.02;97;97;0.00;0.00;30;20;0.00;0.00;0.00;0.00;0;0
0.02;97;98;0.00;0.00;30;20;0.00;0.00;0.00;0.00;0;0
0.01;97;96;0.00;0.00;30;20;0.00;0.00;0.00;0.00;0;0
0.02;97;98;0.00;0.00;30;20;0.00;0.00;0.00;0.00;0;0
0.02;97;97;0.00;0.00;30;20;0.00;0.00;0.00;0.00;0;0
0.02;97;98;0.00;0.00;30;20;0.00;0.00;0.00;0.00;0;0
0.02;97;97;0.00;0.00;30;20;0.00;0.00;0.00;0.00;0;0
0.02;98;98;0.00;0.00;30;20;0.00;0.00;0.00;0.00;0;0
0.02;98;98;0.00;0.00;30;20;0.00;0.00;0.00;0.00;0;0
0.02;98;97;0.00;0.00;30;20;0.00;0.00;0.00;0.00;0;0
0.02;97;97;0.00;0.00;30;20;0.00;0.00;0.00;0.00;0;0
0.02;97;96;0.00;0.00;30;20;0.00;0.00;0.00;0.00;0;0
0.02;97;97;0.00;0.00;30;20;0.00;0.00;0.00;0.00;0;0
0.02;97;98;0.00;0.00;30;20;0.00;0.00;0.00;0.00;0;0
0.02;98;96;0.00;0.00;30;20;0.00;0.00;0.00;0.00;0;0
0.02;97;98;0.00;0.00;30;20;0.00;0.00;0.00;0.00;0;0
0.02;97;97;0.00;0.00;30;20;0.00;0.00;0.00;0.00;0;0
0.02;97;97;0.00;0.00;30;20;0.00;0.00;0.00;0.00;0;0
0.02;97;97;0.00;0.00;30;20;0.00;0.00;0.00;0.00;0;0
0.02;97;97;0.00;0.00;30;20;0.00;0.00;0.00;0.00;0;0
0.02;98;98;0.00;0.00;30;20;0.00;0.00;0.00;0.00;0;0
0.02;97;97;0.00;0.00;30;20;0.00;0.00;0.00;0.00;0;0
0.02;97;98;0.00;0.00;30;20;0.00;0.00;0.00;0.00;0;0
0.02;97;97;0.00;0.00;30;20;0.00;0.00;0.00;0.00;0;0
0.02;97;97;0.00;0.00;30;20;0.00;0.00;0.00;0.00;0;0
0.02;98;97;0.00;0.00;30;20;0.00;0.00;0.00;0.00;0;0
0.02;97;96;0.00;0.00;30;20;0.00;0.00;0.00;0.00;0;0
0.02;97;98;0.00;0.00;30;20;0.00;0.00;0.00;0.00;0;0
0.02;97;98;0.00;0.00;30;20;0.00;0.00;0.00;0.00;0;0
0.02;97;98;0.00;0.00;30;20;0.00;0.00;0.00;0.00;0;0
0.02;97;98;0.00;0.00;30;20;0.00;0.00;0.00;0.00;0;0
0.02;98;97;0.00;0.00;30;20;0.00;0.00;0.00;0.00;0;0
0.02;97;98;0.00;0.00;30;20;0.00;0.00;0.00;0.00;0;0
0.02;97;97;0.00;0.00;30;20;0.00;0.00;0.00;0.00;0;0
0.02;97;97;0.00;0.00;30;20;0.00;0.00;0.00;0.00;0;0
0.02;97;97;0.00;0.00;30;20;0.00;0.00;0.00;0.00;0;0
0.02;97;97;0.00;0.00;30;20;0.00;0.00;0.00;0.00;0;0
0.02;98;96;0.00;0.00;30;20;0.00;0.00;0.00;0.00;0;0
0.02;97;98;0.00;0.00;30;20;0.00;0.00;0.00;0.00;0;0
0.02;98;97;0.00;0.00;30;20;0.00;0.00;0.00;0.00;0;0
0.02;97;97;0.00;0.00;30;20;0.00;0.00;0.00;0.00;0;0
0.02;97;97;0.00;0.00;30;20;0.00;0.00;0.00;0.00;0;0
0.02;97;97;0.00;0.00;30;20;0.00;0.00;0.00;0.00;0;0
0.02;97;96;0.00;0.00;30;20;0.00;0.00;0.00;0.00;0;0
0.02;97;97;0.00;0.00;30;20;0.00;0.00;0.00;0.00;0;0
0.02;97;96;0.00;0.00;30;20;0.00;0.00;0.00;0.00;0;0
0.02;97;98;0.00;0.00;30;20;0.00;0.00;0.00;0.00;0;0
0.02;97;97;0.00;0.00;30;20;0.00;0.00;0.00;0.00;0;0
0.02;97;98;0.00;0.00;30;20;0.00;0.00;0.00;0.00;0;0
0.02;98;97;0.00;0.00;30;20;0.00;0.00;0.00;0.00;0;0
0.02;97;97;0.00;0.00;30;20;0.00;0.00;0.00;0.00;0;0
0.02;98;97;0.00;0.00;30;20;0.00;0.00;0.00;0.00;0;0
0.02;97;96;0.00;0.00;30;20;0.00;0.00;0.00;0.00;0;0
0.01;97;97;0.00;0.00;30;20;0.00;0.00;0.00;0.00;0;0
0.02;97;98;0.00;0.00;30;20;0.00;0.00;0.00;0.00;0;0
0.02;97;96;0.00;0.00;30;20;0.00;0.00;0.00;0.00;0;0
0.02;97;96;0.00;0.00;30;20;0.00;0.00;0.00;0.00;0;0
0.02;97;97;0.00;0.00;30;20;0.00;0.00;0.00;0.00;0;0
0.02;97;97;0.00;0.00;30;20;0.00;0.00;0.00;0.00;0;0
0.02;97;97;0.00;0.00;30;20;0.00;0.00;0.00;0.00;0;0
0.02;97;97;0.00;0.00;30;20;0.00;0.00;0.00;0.00;0;0
0.02;97;97;0.00;0.00;30;20;0.00;0.00;0.00;0.00;0;0
0.01;97;97;0.00;0.00;30;20;0.00;0.00;0.00;0.00;0;0
0.02;98;97;0.00;0.00;30;20;0.00;0.00;0.00;0.00;0;0
0.02;97;97;0.00;0.00;30;20;0.00;0.00;0.00;0.00;0;0
0.02;97;96;0.00;0.00;30;20;0.00;0.00;0.00;0.00;0;0
0.02;98;97;0.00;0.00;30;20;0.00;0.00;0.00;0.00;0;0
0.02;97;96;0.00;0.00;30;20;0.00;0.00;0.00;0.00;0;0
0.02;97;97;0.00;0.00;30;20;0.00;0.00;0.00;0.00;0;0
0.02;98;97;0.00;0.00;30;20;0.00;0.00;0.00;0.00;0;0
0.02;97;97;0.00;0.00;30;20;0.00;0.00;0.00;0.00;0;0
0.02;97;97;0.00;0.00;30;20;0.00;0.00;0.00;0.00;0;0
0.02;97;96;0.00;0.00;30;20;0.00;0.00;0.00;0.00;0;0
0.02;97;96;0.00;0.00;30;20;0.00;0.00;0.00;0.00;0;0
0.02;97;98;0.00;0.00;30;20;0.00;0.00;0.00;0.00;0;0
0.02;97;97;0.00;0.00;30;20;0.00;0.00;0.00;0.00;0;0
0.02;98;98;0.00;0.00;30;20;0.00;0.00;0.00;0.00;0;0
0.02;97;97;0.00;0.00;30;20;0.00;0.00;0.00;0.00;0;0
0.02;97;97;0.00;0.00;30;20;0.00;0.00;0.00;0.00;0;0
0.02;98;98;0.00;0.00;30;20;0.00;0.00;0.00;0.00;0;0
0.02;97;98;0.00;0.00;30;20;0.00;0.00;0.00;0.00;0;0
0.02;97;97;0.00;0.00;30;20;0.00;0.00;0.00;0.00;0;0
0.02;97;97;0.00;0.00;30;20;0.00;0.00;0.00;0.00;0;0
0.02;97;97;0.00;0.00;30;20;0.00;0.00;0.00;0.00;0;0
0.02;97;98;0.00;0.00;30;20;0.00;0.00;0.00;0.00;0;0
0.02;97;97;0.00;0.00;30;20;0.00;0.00;0.00;0.00;0;0
0.02;98;97;0.00;0.00;30;20;0.00;0.00;0.00;0.00;0;0
0.02;97;97;0.00;0.00;30;20;0.00;0.00;0.00;0.00;0;0
0.02;97;98;0.00;0.00;30;20;0.00;0.00;0.00;0.00;0;0
0.02;97;98;0.00;0.00;30;20;0.00;0.00;0.00;0.00;0;0
0.02;97;97;0.00;0.00;30;20;0.00;0.00;0.00;0.00;0;0
0.02;98;97;0.00;0.00;30;20;0.00;0.00;0.00;0.00;0;0
0.02;97;97;0.00;0.00;30;20;0.00;0.00;0.00;0.00;0;0
0.02;97;97;0.00;0.00;30;20;0.00;0.00;0.00;0.00;0;0
0.02;97;97;0.00;0.00;30;20;0.00;0.00;0.00;0.00;0;0
0.02;97;97;0.00;0.00;30;20;0.00;0.00;0.00;0.00;0;0
0.02;97;97;0.00;0.00;30;20;0.00;0.00;0.00;0.00;0;0
0.02;97;97;0.00;0.00;30;20;0.00;0.00;0.00;0.00;0;0
0.02;97;97;0.00;0.00;30;20;0.00;0.00;0.00;0.00;0;0
0.02;97;97;0.00;0.00;30;20;0.00;0.00;0.00;0.00;0;0
0.02;97;97;0.00;0.00;30;20;0.00;0.00;0.00;0.00;0;0
0.02;97;98;0.00;0.00;30;20;0.00;0.00;0.00;0.00;0;0
0.02;97;97;0.00;0.00;30;20;0.00;0.00;0.00;0.00;0;0
0.02;97;97;0.00;0.00;30;20;0.00;0.00;0.00;0.00;0;0
0.02;97;98;0.00;0.00;30;20;0.00;0.00;0.00;0.00;0;0
0.02;97;98;0.00;0.00;30;20;0.00;0.00;0.00;0.00;0;0
0.02;97;97;0.00;0.00;30;20;0.00;0.00;0.00;0.00;0;0
0.02;98;96;0.00;0.00;30;20;0.00;0.00;0.00;0.00;0;0
0.02;96;97;0.00;0.00;30;20;0.00;0.00;0.00;0.00;0;0
0.02;97;98;0.00;0.00;30;20;0.00;0.00;0.00;0.00;0;0
0.02;98;97;0.00;0.00;30;20;0.00;0.00;0.00;0.00;0;0
0.02;97;97;0.00;0.00;30;20;0.00;0.00;0.00;0.00;0;0
0.02;97;97;0.00;0.00;30;20;0.00;0.00;0.00;0.00;0;0
0.01;97;97;0.00;0.00;30;20;0.00;0.00;0.00;0.00;0;0
0.02;97;97;0.00;0.00;30;20;0.00;0.00;0.00;0.00;0;0
0.02;97;97;0.00;0.00;30;20;0.00;0.00;0.00;0.00;0;0
0.02;97;96;0.00;0.00;30;20;0.00;0.00;0.00;0.00;0;0
0.02;97;97;0.00;0.00;30;20;0.00;0.00;0.00;0.00;0;0
0.02;97;98;0.00;0.00;30;20;0.00;0.00;0.00;0.00;0;0
0.02;97;97;0.00;0.00;30;20;0.00;0.00;0.00;0.00;0;0
0.02;98;96;0.00;0.00;30;20;0.00;0.00;0.00;0.00;0;0
0.02;98;97;0.00;0.00;30;20;0.00;0.00;0.00;0.00;0;0
0.02;98;97;0.00;0.00;30;20;0.00;0.00;0.00;0.00;0;0
0.01;97;97;0.00;0.00;30;20;0.00;0.00;0.00;0.00;0;0
0.02;97;97;0.00;0.00;30;20;0.00;0.00;0.00;0.00;0;0
0.02;98;97;0.00;0.00;30;20;0.00;0.00;0.00;0.00;0;0
0.02;98;97;0.00;0.00;30;20;0.00;0.00;0.00;0.00;0;0
0.02;97;97;0.00;0.00;30;20;0.00;0.00;0.00;0.00;0;0
0.02;97;97;0.00;0.00;30;20;0.00;0.00;0.00;0.00;0;0
0.02;97;97;0.00;0.00;30;20;0.00;0.00;0.00;0.00;0;0
0.02;98;97;0.00;0.00;30;20;0.00;0.00;0.00;0.00;0;0
0.02;98;97;0.00;0.00;30;20;0.00;0.00;0.00;0.00;0;0
0.02;97;97;0.00;0.00;30;20;0.00;0.00;0.00;0.00;0;0
0.02;97;97;0.00;0.00;30;20;0.00;0.00;0.00;0.00;0;0
0.01;97;97;0.00;0.00;30;20;0.00;0.00;0.00;0.00;0;0
0.02;97;98;0.00;0.00;30;20;0.00;0.00;0.00;0.00;0;0
0.02;97;97;0.00;0.00;30;20;0.00;0.00;0.00;0.00;0;0
0.02;98;98;0.00;0.00;30;20;0.00;0.00;0.00;0.00;0;0
0.02;97;97;0.00;0.00;30;20;0.00;0.00;0.00;0.00;0;0
0.02;97;98;0.00;0.00;30;20;0.00;0.00;0.00;0.00;0;0
0.02;97;97;0.00;0.00;30;20;0.00;0.00;0.00;0.00;0;0
0.02;98;98;0.00;0.00;30;20;0.00;0.00;0.00;0.00;0;0
0.02;97;98;0.00;0.00;30;20;0.00;0.00;0.00;0.00;0;0
0.02;97;97;0.00;0.00;30;20;0.00;0.00;0.00;0.00;0;0
0.02;97;97;0.00;0.00;30;20;0.00;0.00;0.00;0.00;0;0
0.02;97;98;0.00;0.00;30;20;0.00;0.00;0.00;0.00;0;0
0.02;97;97;0.00;0.00;30;20;0.00;0.00;0.00;0.00;0;0
0.02;97;98;0.00;0.00;30;20;0.00;0.00;0.00;0.00;0;0
0.02;97;97;0.00;0.00;30;20;0.00;0.00;0.00;0.00;0;0
0.02;97;97;0.00;0.00;30;20;0.00;0.00;0.00;0.00;0;0
0.02;97;98;0.00;0.00;30;20;0.00;0.00;0.00;0.00;0;0
0.02;97;98;0.00;0.00;30;20;0.00;0.00;0.00;0.00;0;0
0.02;97;97;0.00;0.00;30;20;0.00;0.00;0.00;0.00;0;0
0.02;97;97;0.00;0.00;30;20;0.00;0.00;0.00;0.00;0;0
0.02;97;97;0.00;0.00;30;20;0.00;0.00;0.00;0.00;0;0
0.01;97;98;0.00;0.00;30;20;0.00;0.00;0.00;0.00;0;0
0.02;97;98;0.00;0.00;30;20;0.00;0.00;0.00;0.00;0;0
0.02;97;98;0.00;0.00;30;20;0.00;0.00;0.00;0.00;0;0
0.02;97;98;0.00;0.00;30;20;0.00;0.00;0.00;0.00;0;0
0.02;97;98;0.00;0.00;30;20;0.00;0.00;0.00;0.00;0;0
0.02;98;97;0.00;0.00;30;20;0.00;0.00;0.00;0.00;0;0
0.02;97;98;0.00;0.00;30;20;0.00;0.00;0.00;0.00;0;0
0.02;98;98;0.00;0.00;30;20;0.00;0.00;0.00;0.00;0;0
0.02;97;97;0.00;0.00;30;20;0.00;0.00;0.00;0.00;0;0
0.02;98;97;0.00;0.00;30;20;0.00;0.00;0.00;0.00;0;0
0.02;97;97;0.00;0.00;30;20;0.00;0.00;0.00;0.00;0;0
0.02;97;97;0.00;0.00;30;20;0.00;0.00;0.00;0.00;0;0
0.02;97;97;0.00;0.00;30;20;0.00;0.00;0.00;0.00;0;0
0.01;97;98;0.00;0.00;30;20;0.00;0.00;0.00;0.00;0;0
0.02;97;97;0.00;0.00;30;20;0.00;0.00;0.00;0.00;0;0
0.02;97;97;0.00;0.00;30;20;0.00;0.00;0.00;0.00;0;0
0.02;97;97;0.00;0.00;30;20;0.00;0.00;0.00;0.00;0;0
0.02;97;97;0.00;0.00;30;20;0.00;0.00;0.00;0.00;0;0
0.02;97;97;0.00;0.00;30;20;0.00;0.00;0.00;0.00;0;0
0.02;97;97;0.00;0.00;30;20;0.00;0.00;0.00;0.00;0;0
0.02;98;97;0.00;0.00;30;20;0.00;0.00;0.00;0.00;0;0
0.02;97;97;0.00;0.00;30;20;0.00;0.00;0.00;0.00;0;0
0.02;97;97;0.00;0.00;30;20;0.00;0.00;0.00;0.00;0;0
0.02;97;97;0.00;0.00;30;20;0.00;0.00;0.00;0.00;0;0
0.02;97;97;0.00;0.00;30;20;0.00;0.00;0.00;0.00;0;0
0.02;97;97;0.00;0.00;30;20;0.00;0.00;0.00;0.00;0;0
0.02;97;97;0.00;0.00;30;20;0.00;0.00;0.00;0.00;0;0
0.02;97;97;0.00;0.00;30;20;0.00;0.00;0.00;0.00;0;0
0.02;97;98;0.00;0.00;30;20;0.00;0.00;0.00;0.00;0;0
0.02;97;98;0.00;0.00;30;20;0.00;0.00;0.00;0.00;0;0
0.02;97;98;0.00;0.00;30;20;0.00;0.00;0.00;0.00;0;0
0.02;98;97;0.00;0.00;30;20;0.00;0.00;0.00;0.00;0;0
0.02;97;97;0.00;0.00;30;20;0.00;0.00;0.00;0.00;0;0
0.01;97;97;0.00;0.00;30;20;0.00;0.00;0.00;0.00;0;0
0.02;98;97;0.00;0.00;30;20;0.00;0.00;0.00;0.00;0;0
0.02;97;98;0.00;0.00;30;20;0.00;0.00;0.00;0.00;0;0
0.02;97;98;0.00;0.00;30;20;0.00;0.00;0.00;0.00;0;0
0.02;97;97;0.00;0.00;30;20;0.00;0.00;0.00;0.00;0;0
0.02;97;98;0.00;0.00;30;20;0.00;0.00;0.00;0.00;0;0
0.02;98;98;0.00;0.00;30;20;0.00;0.00;0.00;0.00;0;0
0.02;98;97;0.00;0.00;30;20;0.00;0.00;0.00;0.00;0;0
0.02;98;98;0.00;0.00;30;20;0.00;0.00;0.00;0.00;0;0
0.02;97;97;0.00;0.00;30;20;0.00;0.00;0.00;0.00;0;0
0.02;97;96;0.00;0.00;30;20;0.00;0.00;0.00;0.00;0;0
0.02;97;96;0.00;0.00;30;20;0.00;0.00;0.00;0.00;0;0
0.02;97;98;0.00;0.00;30;20;0.00;0.00;0.00;0.00;0;0
0.02;97;97;0.00;0.00;30;20;0.00;0.00;0.00;0.00;0;0
0.02;97;97;0.00;0.00;30;20;0.00;0.00;0.00;0.00;0;0
0.02;98;97;0.00;0.00;30;20;0.00;0.00;0.00;0.00;0;0
0.02;97;97;0.00;0.00;30;20;0.00;0.00;0.00;0.00;0;0
0.02;97;97;0.00;0.00;30;20;0.00;0.00;0.00;0.00;0;0
0.02;97;97;0.00;0.00;30;20;0.00;0.00;0.00;0.00;0;0
0.02;98;98;0.00;0.00;30;20;0.00;0.00;0.00;0.00;0;0
0.02;97;97;0.00;0.00;30;20;0.00;0.00;0.00;0.00;0;0
0.02;97;97;0.00;0.00;30;20;0.00;0.00;0.00;0.00;0;0
0.01;97;97;0.00;0.00;30;20;0.00;0.00;0.00;0.00;0;0
0.02;97;97;0.00;0.00;30;20;0.00;0.00;0.00;0.00;0;0
0.02;97;98;0.00;0.00;30;20;0.00;0.00;0.00;0.00;0;0
0.02;97;97;0.00;0.00;30;20;0.00;0.00;0.00;0.00;0;0
0.02;97;97;0.00;0.00;30;20;0.00;0.00;0.00;0.00;0;0
0.02;97;97;0.00;0.00;30;20;0.00;0.00;0.00;0.00;0;0
0.02;98;98;0.00;0.00;30;20;0.00;0.00;0.00;0.00;0;0
0.02;97;96;0.00;0.00;30;20;0.00;0.00;0.00;0.00;0;0
0.02;97;97;0.00;0.00;30;20;0.00;0.00;0.00;0.00;0;0
0.02;97;96;0.00;0.00;30;3;0.00;0.00;0.00;0.00;255;255
0.02;68;67;0.00;0.00;30;3;0.00;0.00;0.00;0.00;255;255
0.01;97;97;1.64;1.64;30;3;0.00;0.00;0.00;0.00;177;177
0.02;97;96;1.64;1.64;30;3;0.00;0.00;0.00;0.00;179;179
0.02;96;96;1.64;1.64;30;3;0.00;0.00;0.00;0.00;180;180
0.02;96;97;3.27;3.27;30;3;0.00;0.00;0.00;0.00;99;99
0.02;97;97;1.64;1.64;30;3;0.01;0.00;0.00;0.00;182;182
0.02;74;94;3.27;3.27;30;3;0.01;0.00;0.00;0.00;100;100
0.02;97;95;3.27;3.27;30;3;0.01;0.00;0.00;0.00;101;101
0.02;96;96;3.27;1.64;30;3;0.01;-0.00;-0.01;0.00;101;182
0.02;96;96;3.27;3.27;30;3;0.01;-0.00;-0.01;0.00;100;101
0.02;96;96;3.27;3.27;30;3;0.01;-0.00;-0.01;0.00;100;101
0.02;94;93;3.27;3.27;30;3;0.02;-0.00;-0.01;0.00;100;101
0.02;95;93;3.27;3.27;30;3;0.02;-0.00;-0.01;0.00;100;101
0.02;95;93;3.27;3.27;30;3;0.02;-0.00;-0.01;0.00;99;101
0.02;94;95;3.27;3.27;30;3;0.02;-0.00;-0.01;0.00;99;100
0.02;94;95;3.27;3.27;30;3;0.02;-0.00;-0.01;0.00;99;100
0.02;95;95;3.27;3.27;30;3;0.02;-0.00;-0.01;0.00;99;100
0.02;94;94;3.27;3.27;30;3;0.03;-0.00;-0.01;0.00;98;100
0.02;95;93;3.27;3.27;30;3;0.03;-0.00;-0.01;0.00;98;100
0.02;94;93;3.27;3.27;30;3;0.03;-0.00;-0.01;0.00;98;99
0.02;94;92;4.91;3.27;30;3;0.03;-0.00;-0.02;0.00;15;99
0.02;93;92;3.27;1.64;30;3;0.03;-0.00;-0.03;0.00;97;181
0.02;66;90;3.27;3.27;30;3;0.03;-0.00;-0.03;0.00;96;99
0.01;91;92;3.27;3.27;30;3;0.04;-0.00;-0.03;0.00;96;100
0.02;92;90;4.91;1.64;30;3;0.04;-0.00;-0.04;0.00;13;181
0.02;92;92;3.27;3.27;30;3;0.04;-0.00;-0.04;0.00;95;100
0.02;91;92;3.27;3.27;30;3;0.04;-0.00;-0.04;0.00;94;100
0.02;92;93;4.91;3.27;30;3;0.04;-0.00;-0.05;0.00;11;100
0.02;92;92;3.27;3.27;30;3;0.05;-0.00;-0.05;0.00;93;100
0.02;91;92;3.27;3.27;30;3;0.05;-0.00;-0.05;0.00;92;100
0.02;92;92;3.27;1.64;30;3;0.05;-0.00;-0.06;0.00;92;181
0.02;91;92;3.27;3.27;30;3;0.05;-0.00;-0.06;0.00;91;100
0.02;92;91;3.27;3.27;30;3;0.05;-0.00;-0.06;0.00;91;100
0.02;91;92;3.27;3.27;30;3;0.05;-0.00;-0.06;0.00;91;100
0.01;91;91;3.27;3.27;30;3;0.05;-0.00;-0.06;0.00;91;100
0.02;91;92;3.27;3.27;30;3;0.06;-0.00;-0.06;0.00;91;100
0.02;90;90;3.27;3.27;30;3;0.06;-0.00;-0.06;0.00;90;100
0.02;89;87;3.27;3.27;30;3;0.06;-0.00;-0.06;0.00;90;99
0.02;89;90;3.27;3.27;30;3;0.06;-0.00;-0.06;0.00;90;99
0.02;91;91;3.27;3.27;30;3;0.06;-0.00;-0.06;0.00;90;99
0.01;89;91;3.27;3.27;30;3;0.07;-0.00;-0.06;0.00;89;99
0.02;89;90;3.27;3.27;30;3;0.07;-0.00;-0.06;0.00;89;99
0.01;88;87;3.27;3.27;30;3;0.07;-0.00;-0.06;0.00;89;98
0.02;89;90;3.27;3.27;30;3;0.07;-0.00;-0.06;0.00;89;98
0.01;90;92;3.27;3.27;30;3;0.07;-0.00;-0.06;0.00;89;98
0.02;88;91;3.27;3.27;30;3;0.07;-0.00;-0.06;0.00;88;98
0.02;88;91;3.27;4.91;30;3;0.08;-0.00;-0.05;0.00;88;15
0.02;88;87;4.91;3.27;30;3;0.08;-0.00;-0.06;0.00;5;97
0.01;88;90;3.27;3.27;30;3;0.08;-0.00;-0.06;0.00;88;96
0.02;88;90;3.27;3.27;30;3;0.08;-0.00;-0.06;0.00;86;95
0.01;87;89;3.27;4.91;30;3;0.08;-0.00;-0.05;0.00;86;12
0.02;88;88;4.91;3.27;30;3;0.09;-0.00;-0.06;0.00;3;95
0.01;87;85;3.27;3.27;30;3;0.09;-0.00;-0.06;0.00;85;94
0.01;87;86;3.27;3.27;30;3;0.09;-0.00;-0.06;0.00;84;93
0.02;88;84;1.64;3.27;30;3;0.09;-0.00;-0.05;0.00;166;93
0.01;86;85;3.27;3.27;30;3;0.09;-0.00;-0.05;0.00;84;93
0.01;88;85;3.27;3.27;30;3;0.09;-0.00;-0.05;0.00;85;93
0.02;86;84;3.27;3.27;30;3;0.09;-0.00;-0.05;0.00;85;93
0.01;86;85;3.27;3.27;30;3;0.10;-0.00;-0.05;0.00;84;92
0.01;86;82;4.91;4.91;30;3;0.10;-0.00;-0.05;0.00;1;9
0.02;85;84;3.27;3.27;30;3;0.10;-0.00;-0.05;0.00;84;92
0.01;84;83;3.27;3.27;30;3;0.10;-0.00;-0.05;0.00;82;90
0.02;86;82;3.27;3.27;30;3;0.10;-0.00;-0.05;0.00;82;90
0.01;86;82;3.27;3.27;30;3;0.11;-0.00;-0.05;0.00;82;90
0.01;85;82;3.27;3.27;30;3;0.11;-0.00;-0.05;0.00;82;90
0.02;85;83;3.27;3.27;30;3;0.11;-0.00;-0.05;0.00;82;90
0.01;85;83;3.27;3.27;30;3;0.11;-0.00;-0.05;0.00;81;89
0.01;84;81;3.27;3.27;30;3;0.11;-0.00;-0.05;0.00;81;89
0.01;84;82;3.27;3.27;30;3;0.11;-0.00;-0.05;0.00;81;89
0.01;84;81;3.27;3.27;30;3;0.12;-0.00;-0.05;0.00;81;89
0.01;84;82;3.27;3.27;30;3;0.12;-0.00;-0.05;0.00;81;89
0.02;84;81;3.27;3.27;30;3;0.12;-0.00;-0.05;0.00;80;88
0.01;84;80;3.27;3.27;30;3;0.12;-0.00;-0.05;0.00;80;88
0.01;84;80;3.27;3.27;30;3;0.12;-0.01;-0.05;0.00;80;88
0.02;84;80;3.27;3.27;30;3;0.12;-0.01;-0.05;0.00;80;88
0.01;84;79;3.27;3.27;30;3;0.12;-0.01;-0.05;0.00;80;88
0.01;84;78;3.27;3.27;30;3;0.13;-0.01;-0.05;0.00;79;87
0.02;84;79;3.27;3.27;30;3;0.13;-0.01;-0.05;0.00;79;87
0.01;83;78;3.27;1.64;30;3;0.13;-0.01;-0.06;0.00;79;169
0.02;83;78;3.27;3.27;30;3;0.13;-0.01;-0.06;0.00;79;87
0.01;84;78;3.27;3.27;30;3;0.13;-0.01;-0.06;0.00;79;88
0.01;82;78;3.27;3.27;30;3;0.13;-0.01;-0.06;0.00;78;87
0.01;84;77;3.27;3.27;30;3;0.14;-0.01;-0.06;0.00;78;87
0.01;85;77;3.27;3.27;30;3;0.14;-0.01;-0.06;0.00;78;87
0.01;84;78;1.64;3.27;30;3;0.14;-0.01;-0.05;0.00;160;87
0.01;79;77;1.64;3.27;30;3;0.14;-0.01;-0.04;0.00;160;87
0.01;84;76;4.91;3.27;30;3;0.14;-0.01;-0.05;0.00;0;86
0.01;85;77;3.27;3.27;30;3;0.14;-0.01;-0.05;0.00;81;86
0.02;83;77;1.64;3.27;30;3;0.14;-0.01;-0.04;0.00;161;86
0.01;78;77;3.27;3.27;30;3;0.15;-0.01;-0.04;0.00;79;86
0.01;86;76;4.91;3.27;30;3;0.15;-0.01;-0.05;0.00;0;86
0.02;85;77;1.64;3.27;30;3;0.15;-0.01;-0.04;0.00;163;85
0.01;77;77;1.64;3.27;30;3;0.15;-0.01;-0.03;0.00;162;85
0.01;77;77;3.27;3.27;30;3;0.15;-0.01;-0.03;0.00;81;85
0.01;88;76;3.27;3.27;30;3;0.15;-0.01;-0.03;0.00;82;85
0.01;87;76;3.27;3.27;30;3;0.15;-0.01;-0.03;0.00;82;85
0.01;93;75;3.27;3.27;30;3;0.16;-0.01;-0.03;0.00;82;84
0.02;92;77;3.27;3.27;30;3;0.16;-0.01;-0.03;0.00;82;84
0.01;87;76;3.27;3.27;30;3;0.16;-0.01;-0.03;0.00;82;84
0.02;86;76;3.27;3.27;30;3;0.16;-0.01;-0.03;0.00;81;84
0.01;84;75;3.27;3.27;30;3;0.16;-0.01;-0.03;0.00;81;84
0.01;83;76;3.27;3.27;30;3;0.16;-0.01;-0.03;0.00;81;83
0.01;82;76;3.27;3.27;30;3;0.17;-0.01;-0.03;0.00;81;83
0.01;83;76;3.27;1.64;30;3;0.17;-0.01;-0.04;0.00;81;165
0.01;84;75;3.27;3.27;30;3;0.17;-0.01;-0.04;0.00;80;83
0.02;83;76;3.27;3.27;30;3;0.17;-0.01;-0.04;0.00;80;84
0.01;83;75;3.27;3.27;30;3;0.17;-0.01;-0.04;0.00;80;84
0.01;84;75;3.27;3.27;30;3;0.17;-0.01;-0.04;0.00;80;83
0.02;79;75;3.27;3.27;30;3;0.18;-0.01;-0.04;0.00;80;83
0.01;78;72;3.27;1.64;30;3;0.18;-0.01;-0.05;0.00;79;165
0.01;77;74;3.27;3.27;30;3;0.18;-0.01;-0.05;0.00;79;83
0.01;76;74;3.27;3.27;30;3;0.18;-0.01;-0.05;0.00;79;84
0.01;75;74;3.27;1.64;30;3;0.18;-0.01;-0.06;0.00;79;166
0.01;74;73;1.64;3.27;30;3;0.18;-0.01;-0.05;0.00;161;83
0.01;74;75;3.27;3.27;30;3;0.18;-0.01;-0.05;0.00;78;84
0.01;75;77;3.27;1.64;30;3;0.18;-0.01;-0.06;0.00;79;166
0.01;75;71;3.27;1.64;30;3;0.19;-0.01;-0.06;0.00;79;166
0.01;74;78;3.27;3.27;30;3;0.19;-0.01;-0.06;0.00;79;85
0.01;75;83;3.27;3.27;30;3;0.19;-0.01;-0.06;0.00;79;86
0.01;76;91;3.27;3.27;30;3;0.19;-0.01;-0.06;0.00;79;86
0.02;74;85;3.27;1.64;30;3;0.19;-0.01;-0.07;0.00;78;167
0.01;82;72;3.27;3.27;30;3;0.19;-0.01;-0.07;0.00;78;85
0.01;82;73;3.27;3.27;30;3;0.19;-0.01;-0.07;0.00;78;86
0.02;81;72;1.64;3.27;30;3;0.20;-0.01;-0.06;0.00;160;86
0.01;79;71;1.64;3.27;30;3;0.20;-0.01;-0.06;0.00;160;86
0.01;79;71;3.27;1.64;30;3;0.20;-0.01;-0.06;0.00;79;168
0.01;78;71;3.27;3.27;30;3;0.20;-0.01;-0.06;0.00;80;86
0.01;79;71;3.27;3.27;30;3;0.20;-0.01;-0.06;0.00;79;87
0.01;79;70;1.64;3.27;30;3;0.20;-0.01;-0.06;0.00;0;141
0.01;80;70;1.64;3.27;30;3;0.20;-0.01;-0.05;0.00;0;140
0.01;80;69;3.27;3.27;30;3;0.20;-0.01;-0.05;0.00;0;140
0.01;80;69;1.64;3.27;30;3;0.21;-0.01;-0.04;0.00;0;140
0.01;80;68;3.27;3.27;30;3;0.21;-0.01;-0.04;0.00;0;140
0.01;79;68;1.64;3.27;30;3;0.21;-0.01;-0.03;0.00;0;140
0.01;79;68;1.64;3.27;30;3;0.21;-0.01;-0.03;0.00;0;140
0.01;79;68;3.27;3.27;30;3;0.21;-0.01;-0.03;0.00;0;140
0.01;78;68;1.64;3.27;30;3;0.21;-0.01;-0.02;0.00;0;139
0.01;78;68;1.64;4.91;30;3;0.21;-0.01;-0.01;0.00;0;139
0.01;78;67;1.64;3.27;30;3;0.21;-0.01;0.00;0.00;0;139
0.01;77;68;1.64;3.27;30;3;0.22;-0.01;0.01;0.00;0;139
0.01;76;67;1.64;3.27;30;3;0.22;-0.01;0.02;0.00;0;139
0.01;77;68;1.64;3.27;30;3;0.22;-0.01;0.02;0.00;0;138
0.01;75;67;1.64;4.91;30;3;0.22;-0.01;0.04;0.00;0;138
0.01;76;68;1.64;3.27;30;3;0.22;-0.01;0.05;0.00;0;138
0.01;78;67;1.64;3.27;30;3;0.22;-0.01;0.05;0.00;0;138
0.01;77;67;1.64;4.91;30;3;0.22;-0.01;0.07;0.00;0;137
0.01;74;67;0.00;3.27;30;3;0.22;-0.01;0.08;0.00;0;137
0.01;87;66;1.64;4.91;30;3;0.23;-0.01;0.10;0.00;0;137
0.01;76;67;1.64;4.91;30;3;0.23;-0.01;0.11;0.00;0;136
0.01;76;66;1.64;3.27;30;3;0.23;-0.01;0.12;0.00;0;136
0.01;83;66;0.00;4.91;30;3;0.23;-0.01;0.14;0.00;0;135
0.01;87;66;1.64;4.91;30;3;0.23;-0.01;0.16;0.00;0;135
0.01;67;66;0.00;4.91;30;3;0.23;-0.01;0.18;0.00;0;134
0.01;65;66;1.64;3.27;30;3;0.23;-0.01;0.19;0.00;0;134
0.01;65;66;0.00;4.91;30;3;0.23;-0.01;0.21;0.00;0;134
0.01;65;66;0.00;4.91;30;3;0.23;-0.01;0.23;0.00;0;133
0.01;65;66;0.00;4.91;30;3;0.24;-0.01;0.25;0.00;0;133
0.01;65;67;1.64;4.91;30;3;0.24;-0.01;0.27;0.00;0;132
0.01;92;68;0.00;4.91;30;3;0.24;-0.01;0.29;0.00;0;132
0.01;72;68;0.00;3.27;30;3;0.24;-0.01;0.31;0.00;0;131
0.01;71;68;0.00;3.27;30;3;0.24;-0.01;0.32;0.00;0;131
0.01;69;68;0.00;4.91;30;3;0.24;-0.01;0.34;0.00;0;130
0.01;69;68;0.00;4.91;30;3;0.24;-0.01;0.37;0.00;0;130
0.01;69;70;0.00;4.91;30;3;0.24;-0.00;0.39;0.00;0;129
0.01;69;91;0.00;4.91;30;3;0.24;-0.00;0.41;0.00;0;129
0.01;71;88;0.00;4.91;30;3;0.24;-0.00;0.43;0.00;0;128
0.01;71;87;0.00;4.91;30;3;0.25;-0.00;0.46;0.00;0;128
0.01;98;90;0.00;4.91;30;3;0.25;-0.00;0.48;0.00;0;127
0.02;69;88;0.00;4.91;30;3;0.25;-0.00;0.51;0.00;0;126
0.01;94;91;1.64;4.91;30;3;0.25;-0.00;0.52;0.00;0;126
0.02;104;94;0.00;4.91;30;3;0.25;-0.00;0.55;0.00;0;125
0.02;91;104;0.00;6.54;30;3;0.25;0.00;0.59;0.00;0;124
0.02;93;113;0.00;4.91;30;3;0.25;0.00;0.61;0.00;0;124
0.02;89;101;0.00;4.91;30;3;0.25;0.00;0.64;0.00;0;123
0.02;87;110;0.00;6.54;30;3;0.26;0.00;0.68;0.00;0;122
0.02;105;108;0.00;4.91;30;3;0.26;0.00;0.70;0.00;0;121
0.02;109;103;0.00;4.91;30;3;0.26;0.00;0.73;0.00;0;121
0.02;96;107;0.00;4.91;30;3;0.26;0.01;0.76;0.00;0;120
0.02;108;96;0.00;4.91;30;3;0.26;0.01;0.79;0.00;0;119
0.02;107;103;0.00;4.91;30;3;0.26;0.01;0.81;0.00;0;119
0.02;109;105;0.00;4.91;30;3;0.26;0.01;0.84;0.00;0;118
0.02;106;107;0.00;4.91;30;3;0.26;0.01;0.87;0.00;0;117
0.02;107;108;0.00;4.91;30;3;0.26;0.01;0.90;0.00;0;116
0.02;106;106;0.00;4.91;30;3;0.26;0.01;0.93;0.00;0;116
0.02;105;106;0.00;4.91;30;3;0.27;0.01;0.96;0.00;0;115
0.02;101;104;0.00;4.91;30;3;0.27;0.01;0.99;0.00;0;114
0.02;105;105;0.00;3.27;30;3;0.27;0.02;1.01;0.00;0;114
0.02;103;105;0.00;4.91;30;3;0.27;0.02;1.03;0.00;0;113
0.02;104;103;0.00;3.27;30;3;0.27;0.02;1.05;0.00;0;113
0.02;103;102;0.00;4.91;30;3;0.27;0.02;1.08;0.00;0;112
0.02;102;102;0.00;3.27;30;3;0.27;0.02;1.10;0.00;0;111
0.02;103;102;0.00;3.27;30;3;0.27;0.02;1.12;0.00;0;111
0.02;101;101;0.00;4.91;30;3;0.27;0.02;1.14;0.00;0;110
0.02;103;103;0.00;3.27;30;3;0.27;0.02;1.16;0.00;0;110
0.02;104;105;0.00;3.27;30;3;0.27;0.02;1.18;0.00;110;0
0.02;103;104;0.00;3.27;30;3;0.27;0.02;1.20;0.00;244;86
0.02;100;103;0.00;3.27;30;3;0.27;0.03;1.22;0.00;245;86
0.02;101;109;3.27;3.27;30;3;0.27;0.03;1.22;0.00;83;86
0.02;100;115;1.64;3.27;30;3;0.27;0.03;1.23;0.00;166;86
0.02;101;99;3.27;3.27;30;3;0.27;0.03;1.23;0.00;85;85
0.02;101;107;3.27;3.27;30;3;0.27;0.03;1.23;0.00;85;85
0.02;99;108;1.64;3.27;30;3;0.27;0.03;1.24;0.00;167;85
0.02;101;100;3.27;3.27;30;3;0.27;0.03;1.24;0.00;85;85
0.02;99;109;1.64;1.64;30;3;0.27;0.04;1.24;0.00;168;166
0.02;99;101;3.27;3.27;30;3;0.28;0.04;1.24;0.00;86;85
0.02;100;107;3.27;3.27;30;3;0.28;0.04;1.24;0.00;87;85
0.02;98;106;3.27;1.64;30;3;0.28;0.04;1.23;0.00;87;167
0.02;100;101;3.27;3.27;30;3;0.28;0.04;1.23;0.00;86;85
0.02;99;109;4.91;4.91;30;3;0.28;0.05;1.23;0.00;3;3
0.02;98;101;3.27;3.27;30;3;0.28;0.05;1.23;0.00;86;85
0.02;98;100;3.27;3.27;30;3;0.28;0.05;1.23;0.00;84;84
0.02;99;102;3.27;1.64;30;3;0.28;0.05;1.22;0.00;84;166
0.02;98;100;3.27;3.27;30;3;0.28;0.05;1.22;0.00;84;84
0.02;102;100;3.27;3.27;30;3;0.28;0.05;1.22;0.00;84;85
0.02;101;113;3.27;3.27;30;3;0.28;0.05;1.22;0.00;83;85
0.02;100;99;3.27;3.27;30;3;0.28;0.06;1.22;0.00;83;84
0.02;94;98;3.27;3.27;30;3;0.28;0.06;1.22;0.00;83;84
0.02;105;99;3.27;3.27;30;3;0.28;0.06;1.22;0.00;83;84
0.02;96;97;1.64;4.91;30;3;0.28;0.06;1.24;0.00;164;1
0.02;97;98;4.91;1.64;30;3;0.28;0.06;1.22;0.00;0;165
0.02;96;98;3.27;3.27;30;3;0.29;0.07;1.22;0.00;85;82
0.02;98;98;3.27;4.91;30;3;0.29;0.07;1.23;0.00;83;0
0.02;96;98;3.27;3.27;30;3;0.29;0.07;1.23;0.00;83;84
0.02;97;98;3.27;1.64;30;3;0.29;0.07;1.22;0.00;83;164
0.02;96;97;3.27;3.27;30;3;0.29;0.07;1.22;0.00;83;83
0.02;96;95;3.27;3.27;30;3;0.29;0.07;1.22;0.00;82;83
0.02;94;95;3.27;3.27;30;3;0.29;0.08;1.22;0.00;82;83
0.02;93;94;3.27;1.64;30;3;0.29;0.08;1.21;0.00;82;165
0.02;92;91;3.27;4.91;30;3;0.29;0.08;1.22;0.00;82;0
0.02;95;96;3.27;3.27;30;3;0.29;0.08;1.22;0.00;82;85
0.02;91;96;3.27;3.27;30;3;0.29;0.08;1.22;0.00;81;84
0.02;95;96;3.27;1.64;30;3;0.29;0.08;1.21;0.00;81;166
0.02;95;96;1.64;4.91;30;3;0.29;0.08;1.23;0.00;163;1
0.02;95;95;3.27;3.27;30;3;0.29;0.09;1.23;0.00;81;84
0.02;94;96;3.27;3.27;30;3;0.29;0.09;1.23;0.00;82;83
0.02;94;92;3.27;1.64;30;3;0.29;0.09;1.22;0.00;82;165
0.02;93;94;1.64;4.91;30;3;0.29;0.09;1.24;0.00;163;0
0.02;94;93;4.91;3.27;30;3;0.30;0.09;1.23;0.00;0;85
0.02;95;94;3.27;1.64;30;3;0.30;0.09;1.22;0.00;83;165
0.02;88;89;3.27;3.27;30;3;0.30;0.10;1.22;0.00;82;84
0.02;96;88;1.64;4.91;30;3;0.30;0.10;1.24;0.00;164;2
0.02;93;93;4.91;1.64;30;3;0.30;0.10;1.22;0.00;0;166
0.02;92;90;3.27;1.64;30;3;0.30;0.10;1.21;0.00;84;165
0.02;91;90;3.27;3.27;30;3;0.30;0.10;1.21;0.00;83;84
0.01;93;91;1.64;3.27;30;3;0.30;0.10;1.22;0.00;165;85
0.02;91;91;3.27;3.27;30;3;0.30;0.10;1.22;0.00;83;85
0.02;93;91;3.27;3.27;30;3;0.30;0.11;1.22;0.00;84;85
0.02;93;91;3.27;3.27;30;3;0.30;0.11;1.22;0.00;83;84
0.02;94;90;3.27;3.27;30;3;0.30;0.11;1.22;0.00;83;84
0.02;93;91;3.27;3.27;30;3;0.30;0.11;1.22;0.00;83;84
0.01;92;90;3.27;3.27;30;3;0.30;0.11;1.22;0.00;83;84
0.02;97;91;4.91;3.27;30;3;0.30;0.12;1.21;0.00;0;83
0.02;98;91;3.27;3.27;30;3;0.30;0.12;1.21;0.00;83;83
0.02;98;91;3.27;4.91;30;3;0.30;0.12;1.22;0.00;82;0
0.02;97;91;3.27;1.64;30;3;0.31;0.12;1.21;0.00;82;166
0.02;95;90;3.27;1.64;30;3;0.31;0.12;1.20;0.00;82;165
0.02;95;90;3.27;4.91;30;3;0.31;0.12;1.21;0.00;82;1
0.02;98;90;3.27;3.27;30;3;0.31;0.12;1.21;0.00;81;85
0.02;91;90;3.27;3.27;30;3;0.31;0.13;1.21;0.00;81;83
0.02;91;90;3.27;3.27;30;3;0.31;0.13;1.21;0.00;81;83
0.02;90;90;3.27;3.27;30;3;0.31;0.13;1.21;0.00;81;83
0.02;91;90;3.27;1.64;30;3;0.31;0.13;1.20;0.00;80;165
0.01;84;85;3.27;1.64;30;3;0.31;0.13;1.20;0.00;80;165
0.01;89;89;3.27;3.27;30;3;0.31;0.13;1.20;0.00;80;84
0.02;90;88;3.27;3.27;30;3;0.31;0.14;1.20;0.00;80;85
0.01;89;88;3.27;3.27;30;3;0.31;0.14;1.20;0.00;80;84
0.02;90;88;1.64;3.27;30;3;0.31;0.14;1.20;0.00;161;84
0.02;85;88;3.27;3.27;30;3;0.31;0.14;1.20;0.00;79;84
0.02;94;88;4.91;3.27;30;3;0.31;0.14;1.20;0.00;0;84
0.02;95;88;3.27;3.27;30;3;0.31;0.14;1.20;0.00;81;84
0.01;95;89;1.64;1.64;30;3;0.31;0.14;1.20;0.00;162;165
0.02;82;82;3.27;3.27;30;3;0.32;0.15;1.20;0.00;80;83
0.02;94;86;3.27;3.27;30;3;0.32;0.15;1.20;0.00;81;84
0.02;93;87;3.27;1.64;30;3;0.32;0.15;1.19;0.00;81;166
0.01;94;93;1.64;3.27;30;3;0.32;0.15;1.20;0.00;162;84
0.02;93;91;4.91;3.27;30;3;0.32;0.15;1.19;0.00;0;85
0.02;86;97;3.27;1.64;30;3;0.32;0.15;1.18;0.00;82;166
0.02;93;92;3.27;3.27;30;3;0.32;0.15;1.18;0.00;81;85
0.02;93;92;3.27;3.27;30;3;0.32;0.16;1.18;0.00;81;85
0.02;93;91;3.27;3.27;30;3;0.32;0.16;1.18;0.00;81;85
0.02;93;93;3.27;1.64;30;3;0.32;0.16;1.17;0.00;80;167
0.02;90;92;3.27;3.27;30;3;0.32;0.16;1.17;0.00;80;85
0.02;90;93;3.27;3.27;30;3;0.32;0.16;1.17;0.00;80;86
0.02;87;93;3.27;3.27;30;3;0.32;0.16;1.17;0.00;80;86
0.01;85;91;3.27;1.64;30;3;0.32;0.16;1.16;0.00;80;167
0.02;84;88;3.27;3.27;30;3;0.32;0.17;1.16;0.00;79;86
0.01;89;88;3.27;3.27;30;3;0.32;0.17;1.16;0.00;79;86
0.01;89;85;1.64;3.27;30;3;0.32;0.17;1.17;0.00;161;86
0.02;83;85;3.27;1.64;30;3;0.33;0.17;1.16;0.00;79;168
0.01;89;87;4.91;3.27;30;3;0.33;0.17;1.15;0.00;0;86
0.01;89;85;1.64;3.27;30;3;0.33;0.17;1.16;0.00;163;87
0.02;79;86;1.64;3.27;30;3;0.33;0.17;1.17;0.00;162;87
0.01;84;86;4.91;3.27;30;3;0.33;0.18;1.16;0.00;0;86
0.02;84;85;3.27;3.27;30;3;0.33;0.18;1.16;0.00;83;86
0.01;84;92;3.27;3.27;30;3;0.33;0.18;1.16;0.00;82;86
0.02;83;92;3.27;3.27;30;3;0.33;0.18;1.16;0.00;81;86
0.02;81;89;3.27;3.27;30;3;0.33;0.18;1.16;0.00;81;86
0.01;81;92;3.27;3.27;30;3;0.33;0.18;1.16;0.00;81;85
0.01;81;82;3.27;3.27;30;3;0.33;0.19;1.16;0.00;81;85
0.02;81;83;1.64;1.64;30;3;0.33;0.19;1.16;0.00;162;167
0.01;80;83;4.91;3.27;30;3;0.33;0.19;1.15;0.00;0;85
0.01;82;82;3.27;3.27;30;3;0.33;0.19;1.15;0.00;83;86
0.02;81;82;3.27;1.64;30;3;0.33;0.19;1.14;0.00;81;168
0.01;77;82;3.27;3.27;30;3;0.33;0.19;1.14;0.00;81;86
0.01;82;81;3.27;4.91;30;3;0.34;0.19;1.15;0.00;81;4
0.02;81;82;3.27;3.27;30;3;0.34;0.19;1.15;0.00;81;86
0.01;80;82;3.27;1.64;30;3;0.34;0.20;1.14;0.00;81;167
0.01;79;79;3.27;3.27;30;3;0.34;0.20;1.14;0.00;80;85
0.01;79;83;3.27;3.27;30;3;0.34;0.20;1.14;0.00;80;86
0.01;78;83;3.27;3.27;30;3;0.34;0.20;1.14;0.00;80;86
0.02;78;81;3.27;3.27;30;3;0.34;0.20;1.14;0.00;0;151
0.01;78;80;3.27;3.27;30;3;0.34;0.20;1.14;0.00;0;150
0.01;77;81;1.64;3.27;30;3;0.34;0.20;1.15;0.00;0;149
0.02;79;81;3.27;3.27;30;3;0.34;0.21;1.15;0.00;0;149
0.01;79;81;1.64;3.27;30;3;0.34;0.21;1.16;0.00;0;149
0.01;78;80;1.64;3.27;30;3;0.34;0.21;1.17;0.00;0;149
0.01;79;81;1.64;3.27;30;3;0.34;0.21;1.17;0.00;0;149
0.01;86;80;3.27;4.91;30;3;0.34;0.21;1.18;0.00;0;149
0.01;76;80;1.64;3.27;30;3;0.34;0.21;1.19;0.00;0;148
0.01;75;80;1.64;4.91;30;3;0.34;0.21;1.21;0.00;0;148
0.01;76;80;3.27;3.27;30;3;0.34;0.21;1.21;0.00;0;148
0.01;76;81;1.64;4.91;30;3;0.35;0.22;1.22;0.00;0;148
0.01;76;83;1.64;3.27;30;3;0.35;0.22;1.23;0.00;0;147
0.01;76;87;1.64;4.91;30;3;0.35;0.22;1.24;0.00;0;147
0.01;77;86;1.64;4.91;30;3;0.35;0.22;1.26;0.00;0;147
0.01;79;79;1.64;4.91;30;3;0.35;0.22;1.28;0.00;0;146
0.01;76;83;0.00;4.91;30;3;0.35;0.22;1.30;0.00;0;146
0.01;75;88;1.64;3.27;30;3;0.35;0.22;1.31;0.00;0;146
0.02;76;86;1.64;3.27;30;3;0.35;0.23;1.32;0.00;0;145
0.01;77;93;0.00;4.91;30;3;0.35;0.23;1.34;0.00;0;145
0.02;75;88;1.64;3.27;30;3;0.35;0.23;1.35;0.00;0;145
0.01;74;85;0.00;3.27;30;3;0.35;0.23;1.36;0.00;0;144
0.01;76;88;1.64;4.91;30;3;0.35;0.23;1.38;0.00;0;144
0.02;75;101;0.00;4.91;30;3;0.35;0.23;1.40;0.00;0;143
0.01;77;101;0.00;4.91;30;3;0.35;0.23;1.43;0.00;0;143
0.02;81;103;1.64;4.91;30;3;0.35;0.23;1.44;0.00;0;142
0.02;78;100;0.00;4.91;30;3;0.35;0.24;1.47;0.00;0;141
0.01;93;107;0.00;6.54;30;3;0.35;0.24;1.50;0.00;0;141
0.02;99;99;0.00;4.91;30;3;0.35;0.24;1.53;0.00;0;140
0.02;86;103;0.00;4.91;30;3;0.35;0.24;1.56;0.00;0;139
0.02;88;104;0.00;4.91;30;3;0.35;0.24;1.58;0.00;0;139
0.02;105;103;0.00;6.54;30;3;0.35;0.24;1.62;0.00;0;138
0.02;96;99;0.00;4.91;30;3;0.35;0.24;1.65;0.00;0;137
0.02;109;100;0.00;6.54;30;3;0.35;0.25;1.68;0.00;0;136
0.02;92;97;0.00;4.91;30;3;0.35;0.25;1.71;0.00;0;135
0.02;96;100;0.00;6.54;30;3;0.35;0.25;1.75;0.00;0;135
0.02;106;100;0.00;4.91;30;3;0.35;0.25;1.77;0.00;0;134
0.02;96;100;0.00;4.91;30;3;0.35;0.25;1.80;0.00;0;133
0.02;102;100;0.00;6.54;30;3;0.35;0.25;1.84;0.00;0;132
0.02;97;97;0.00;4.91;30;3;0.35;0.25;1.87;0.00;0;132
0.02;98;100;0.00;4.91;30;3;0.35;0.26;1.89;0.00;0;131
0.02;101;100;0.00;4.91;30;3;0.35;0.26;1.92;0.00;0;130
0.02;101;100;0.00;4.91;30;3;0.35;0.26;1.95;0.00;0;130
0.02;97;98;0.00;4.91;30;3;0.35;0.26;1.97;0.00;0;129
0.02;99;99;0.00;4.91;30;3;0.35;0.26;2.00;0.00;0;128
0.02;100;99;0.00;4.91;30;3;0.34;0.26;2.03;0.00;0;128
0.02;99;99;0.00;4.91;30;3;0.34;0.26;2.06;0.00;0;127
0.02;98;99;0.00;4.91;30;3;0.34;0.26;2.08;0.00;0;126
0.02;96;99;0.00;4.91;30;3;0.34;0.27;2.11;0.00;0;126
0.02;98;99;0.00;4.91;30;3;0.34;0.27;2.14;0.00;0;125
0.02;97;102;0.00;4.91;30;3;0.34;0.27;2.16;0.00;0;124
0.02;97;99;0.00;4.91;30;3;0.34;0.27;2.19;0.00;0;123
0.02;96;100;0.00;4.91;30;3;0.34;0.27;2.22;0.00;0;123
0.02;96;103;0.00;6.54;30;3;0.34;0.27;2.25;0.00;0;122
0.02;97;102;0.00;4.91;30;3;0.34;0.27;2.28;0.00;0;121
0.02;94;101;0.00;4.91;30;3;0.34;0.27;2.31;0.00;0;121
0.02;95;100;0.00;6.54;30;3;0.34;0.28;2.35;0.00;0;120
0.02;95;104;0.00;4.91;30;3;0.33;0.28;2.37;0.00;0;119
0.02;93;101;0.00;4.91;30;3;0.33;0.28;2.40;0.00;0;118
0.02;94;110;0.00;6.54;30;3;0.33;0.28;2.43;0.00;0;117
0.02;94;103;0.00;4.91;30;3;0.33;0.28;2.46;0.00;0;117
0.02;95;110;0.00;6.54;30;3;0.33;0.28;2.50;0.00;0;116
0.02;109;108;0.00;4.91;30;3;0.33;0.28;2.53;0.00;0;115
0.02;96;108;0.00;6.54;30;3;0.33;0.28;2.56;0.00;0;114
0.02;102;81;0.00;4.91;30;3;0.33;0.28;2.59;0.00;0;113
0.02;84;80;0.00;4.91;30;3;0.32;0.28;2.62;0.00;0;113
0.01;91;80;0.00;4.91;30;3;0.32;0.28;2.64;0.00;0;112
0.01;82;79;0.00;4.91;30;3;0.32;0.28;2.67;0.00;0;112
0.01;81;77;0.00;4.91;30;3;0.32;0.28;2.69;0.00;0;111
0.01;80;79;0.00;4.91;30;3;0.32;0.29;2.71;0.00;0;110
0.01;79;75;0.00;4.91;30;3;0.32;0.29;2.74;0.00;0;110
0.01;79;75;0.00;3.27;30;3;0.32;0.29;2.75;0.00;110;0
0.01;78;76;0.00;4.91;30;3;0.32;0.29;2.78;0.00;245;3
0.01;73;76;0.00;4.91;30;3;0.32;0.29;2.80;0.00;245;2
0.01;76;74;1.64;3.27;30;3;0.32;0.29;2.81;0.00;164;84
0.02;77;73;1.64;3.27;30;3;0.31;0.29;2.82;0.00;166;82
0.01;76;68;1.64;3.27;30;3;0.31;0.29;2.82;0.00;167;82
0.01;73;66;1.64;3.27;30;3;0.31;0.29;2.83;0.00;168;82
0.01;76;65;1.64;3.27;30;3;0.31;0.29;2.84;0.00;169;82
0.01;71;66;3.27;1.64;30;3;0.31;0.29;2.83;0.00;88;164
0.01;70;65;1.64;3.27;30;3;0.31;0.29;2.84;0.00;171;81
0.01;71;65;1.64;3.27;30;3;0.31;0.29;2.84;0.00;171;82
0.01;70;65;3.27;3.27;30;3;0.31;0.29;2.84;0.00;90;82
0.01;70;65;1.64;3.27;30;3;0.31;0.29;2.85;0.00;173;82
0.01;70;65;3.27;3.27;30;3;0.30;0.29;2.85;0.00;90;82
0.01;70;65;3.27;3.27;30;3;0.30;0.29;2.85;0.00;91;82
0.01;71;64;1.64;3.27;30;3;0.30;0.29;2.86;0.00;173;81
0.01;70;64;3.27;3.27;30;3;0.30;0.29;2.86;0.00;91;81
0.01;70;64;3.27;3.27;30;3;0.30;0.29;2.86;0.00;92;81
0.01;71;64;1.64;1.64;30;3;0.30;0.29;2.86;0.00;174;163
0.01;68;60;3.27;3.27;30;3;0.30;0.29;2.86;0.00;91;81
0.01;73;63;3.27;3.27;30;3;0.30;0.29;2.86;0.00;92;82
0.01;73;63;3.27;3.27;30;3;0.29;0.29;2.86;0.00;92;81
0.01;69;63;3.27;3.27;30;3;0.29;0.29;2.86;0.00;92;81
0.01;70;62;3.27;3.27;30;3;0.29;0.29;2.86;0.00;92;81
0.01;68;62;3.27;1.64;30;3;0.29;0.29;2.85;0.00;92;163
0.01;68;62;3.27;1.64;30;3;0.29;0.30;2.84;0.00;91;162
0.01;69;62;3.27;3.27;30;3;0.29;0.30;2.84;0.00;91;81
0.01;68;62;1.64;3.27;30;3;0.29;0.30;2.85;0.00;173;82
0.01;68;62;3.27;3.27;30;3;0.29;0.30;2.85;0.00;91;82
0.01;68;62;3.27;3.27;30;3;0.28;0.30;2.85;0.00;92;82
0.01;72;61;1.64;3.27;30;3;0.28;0.30;2.86;0.00;174;82
0.01;67;62;1.64;1.64;30;3;0.28;0.30;2.86;0.00;173;164
0.01;66;61;4.91;3.27;30;3;0.28;0.30;2.85;0.00;10;82
0.01;67;60;3.27;3.27;30;3;0.28;0.30;2.85;0.00;93;82
0.01;65;60;3.27;1.64;30;3;0.28;0.30;2.84;0.00;92;164
0.01;65;60;3.27;3.27;30;3;0.28;0.30;2.84;0.00;92;82
0.01;66;60;3.27;3.27;30;3;0.27;0.30;2.84;0.00;92;83
0.01;66;61;3.27;1.64;30;3;0.27;0.30;2.84;0.00;91;165
0.01;67;60;3.27;3.27;30;3;0.27;0.30;2.84;0.00;91;83
0.01;67;59;3.27;1.64;30;3;0.27;0.30;2.83;0.00;91;165
0.01;64;59;3.27;3.27;30;3;0.27;0.30;2.83;0.00;91;83
0.01;66;59;3.27;3.27;30;3;0.27;0.30;2.83;0.00;91;84
0.01;65;60;3.27;1.64;30;3;0.27;0.30;2.82;0.00;90;166
0.01;66;59;3.27;3.27;30;3;0.27;0.30;2.82;0.00;90;84
0.01;66;59;3.27;1.64;30;3;0.26;0.30;2.81;0.00;90;167
0.01;67;58;3.27;3.27;30;3;0.26;0.30;2.81;0.00;90;85
0.01;69;58;3.27;3.27;30;3;0.26;0.30;2.81;0.00;90;86
0.01;67;59;3.27;1.64;30;3;0.26;0.30;2.81;0.00;89;167
0.01;66;59;3.27;3.27;30;3;0.26;0.30;2.81;0.00;89;85
0.01;66;58;3.27;1.64;30;3;0.26;0.30;2.80;0.00;89;168
0.01;65;57;3.27;3.27;30;3;0.26;0.31;2.80;0.00;89;86
0.01;66;59;3.27;3.27;30;3;0.26;0.31;2.80;0.00;89;87
0.01;66;57;3.27;3.27;30;3;0.25;0.31;2.80;0.00;88;87
0.01;67;59;3.27;1.64;30;3;0.25;0.31;2.79;0.00;88;168
0.01;67;57;3.27;3.27;30;3;0.25;0.31;2.79;0.00;88;86
0.01;67;57;3.27;3.27;30;3;0.25;0.31;2.79;0.00;88;87
0.01;66;57;1.64;3.27;30;3;0.25;0.31;2.80;0.00;170;87
0.01;65;57;3.27;3.27;30;3;0.25;0.31;2.80;0.00;88;87
0.01;64;58;3.27;1.64;30;3;0.25;0.31;2.79;0.00;88;169
0.01;65;56;3.27;3.27;30;3;0.25;0.31;2.79;0.00;88;87
0.01;66;57;3.27;3.27;30;3;0.24;0.31;2.79;0.00;88;88
0.01;67;57;3.27;3.27;30;3;0.24;0.31;2.79;0.00;88;87
0.01;65;57;3.27;3.27;30;3;0.24;0.31;2.79;0.00;88;87
0.01;64;58;3.27;3.27;30;3;0.24;0.31;2.79;0.00;87;87
0.01;64;56;3.27;3.27;30;3;0.24;0.31;2.79;0.00;87;87
0.01;63;57;3.27;3.27;30;3;0.24;0.31;2.79;0.00;87;87
0.01;64;56;3.27;3.27;30;3;0.24;0.31;2.79;0.00;87;86
0.01;64;56;3.27;1.64;30;3;0.24;0.31;2.78;0.00;87;168
0.01;64;56;3.27;3.27;30;3;0.23;0.31;2.78;0.00;87;86
0.01;64;57;3.27;3.27;30;3;0.23;0.31;2.78;0.00;86;87
0.01;64;57;3.27;3.27;30;3;0.23;0.31;2.78;0.00;86;87
0.01;63;56;3.27;3.27;30;3;0.23;0.32;2.78;0.00;86;87
0.01;63;57;3.27;3.27;30;3;0.23;0.32;2.78;0.00;86;86
0.01;62;56;3.27;3.27;30;3;0.23;0.32;2.78;0.00;86;86
0.01;62;55;3.27;3.27;30;3;0.23;0.32;2.78;0.00;85;86
0.01;62;55;3.27;3.27;30;3;0.22;0.32;2.78;0.00;85;86
0.01;64;55;3.27;3.27;30;3;0.22;0.32;2.78;0.00;85;86
0.01;64;57;3.27;1.64;30;3;0.22;0.32;2.78;0.00;85;167
0.01;63;59;3.27;3.27;30;3;0.22;0.32;2.78;0.00;85;85
0.01;62;60;3.27;3.27;30;3;0.22;0.32;2.78;0.00;84;86
0.01;61;56;3.27;3.27;30;3;0.22;0.32;2.78;0.00;84;86
0.01;61;56;3.27;3.27;30;3;0.22;0.32;2.78;0.00;84;86
0.01;62;59;3.27;3.27;30;3;0.21;0.32;2.78;0.00;84;86
0.01;62;57;3.27;3.27;30;3;0.21;0.32;2.78;0.00;84;86
0.01;65;57;3.27;3.27;30;3;0.21;0.32;2.78;0.00;84;85
0.01;66;57;3.27;3.27;30;3;0.21;0.32;2.78;0.00;83;85
0.01;67;59;3.27;1.64;30;3;0.21;0.32;2.77;0.00;83;167
0.01;64;59;3.27;3.27;30;3;0.21;0.32;2.77;0.00;83;85
0.01;62;54;3.27;3.27;30;3;0.21;0.32;2.77;0.00;83;86
0.01;61;54;3.27;3.27;30;3;0.21;0.32;2.77;0.00;83;86
0.01;62;58;3.27;3.27;30;3;0.20;0.33;2.77;0.00;82;85
0.01;61;58;1.64;3.27;30;3;0.20;0.33;2.78;0.00;164;85
0.01;111;58;3.27;3.27;30;3;0.20;0.33;2.78;0.00;82;85
0.02;159;55;4.91;3.27;30;3;0.20;0.33;2.77;0.00;0;85
0.02;106;54;3.27;3.27;30;3;0.20;0.33;2.77;0.00;84;85
0.01;115;55;3.27;3.27;30;3;0.20;0.33;2.77;0.00;83;84
0.02;62;55;1.64;3.27;30;3;0.20;0.33;2.78;0.00;164;84
0.01;61;56;3.27;1.64;30;3;0.19;0.33;2.77;0.00;82;166
0.01;60;56;3.27;1.64;30;3;0.19;0.33;2.76;0.00;83;166
0.01;60;56;3.27;3.27;30;3;0.19;0.33;2.76;0.00;83;84
0.01;59;57;1.64;3.27;30;3;0.19;0.33;2.77;0.00;165;85
0.01;60;53;3.27;3.27;30;3;0.19;0.33;2.77;0.00;83;85
0.01;157;55;4.91;3.27;30;3;0.19;0.33;2.76;0.00;1;85
0.02;97;56;3.27;3.27;30;3;0.19;0.33;2.76;0.00;83;85
0.01;96;55;3.27;3.27;30;3;0.19;0.33;2.76;0.00;82;85
0.01;60;55;1.64;3.27;30;3;0.18;0.33;2.77;0.00;164;84
0.01;58;56;3.27;1.64;30;3;0.18;0.33;2.76;0.00;82;166
0.01;59;55;3.27;3.27;30;3;0.18;0.33;2.76;0.00;83;84
0.01;59;55;3.27;1.64;30;3;0.18;0.33;2.76;0.00;83;167
0.01;59;54;1.64;3.27;30;3;0.18;0.33;2.77;0.00;164;85
0.01;59;55;3.27;3.27;30;3;0.18;0.34;2.77;0.00;82;85
0.01;62;55;3.27;3.27;30;3;0.18;0.34;2.77;0.00;83;85
0.01;93;55;3.27;3.27;30;3;0.18;0.34;2.77;0.00;83;85
0.01;102;55;3.27;3.27;30;3;0.17;0.34;2.77;0.00;83;85
0.01;89;54;1.64;3.27;30;3;0.17;0.34;2.77;0.00;165;85
0.01;59;54;3.27;3.27;30;3;0.17;0.34;2.77;0.00;83;85
0.01;58;54;3.27;1.64;30;3;0.17;0.34;2.77;0.00;84;166
0.01;56;54;3.27;3.27;30;3;0.17;0.34;2.77;0.00;83;84
0.01;58;54;3.27;3.27;30;3;0.17;0.34;2.77;0.00;83;85
0.01;59;53;3.27;3.27;30;3;0.17;0.34;2.77;0.00;83;85
0.01;59;53;3.27;3.27;30;3;0.17;0.34;2.77;0.00;83;85
0.01;88;52;3.27;3.27;30;3;0.16;0.34;2.77;0.00;83;84
0.01;97;52;3.27;3.27;30;3;0.16;0.34;2.77;0.00;82;84
0.01;94;52;1.64;1.64;30;3;0.16;0.34;2.77;0.00;164;166
0.01;79;51;1.64;3.27;30;3;0.16;0.34;2.77;0.00;164;84
0.01;101;53;4.91;3.27;30;3;0.16;0.34;2.77;0.00;0;85
0.01;101;51;3.27;3.27;30;3;0.16;0.34;2.77;0.00;85;85
0.01;98;51;3.27;1.64;30;3;0.16;0.34;2.76;0.00;84;166
0.01;97;51;3.27;3.27;30;3;0.16;0.34;2.76;0.00;84;84
0.01;96;50;3.27;3.27;30;3;0.15;0.34;2.76;0.00;84;85
0.01;95;50;3.27;1.64;30;3;0.15;0.35;2.75;0.00;83;167
0.01;79;50;3.27;3.27;30;3;0.15;0.35;2.75;0.00;83;85
0.01;97;49;3.27;3.27;30;3;0.15;0.35;2.75;0.00;83;86
0.01;100;50;3.27;1.64;30;3;0.15;0.35;2.74;0.00;83;167
0.01;96;51;1.64;3.27;30;3;0.15;0.35;2.75;0.00;165;85
0.01;97;50;3.27;3.27;30;3;0.15;0.35;2.75;0.00;82;86
0.01;96;49;3.27;1.64;30;3;0.15;0.35;2.74;0.00;83;168
0.01;83;48;1.64;3.27;30;3;0.14;0.35;2.75;0.00;165;86
0.01;60;49;3.27;1.64;30;3;0.14;0.35;2.74;0.00;83;169
0.01;84;49;3.27;3.27;30;3;0.14;0.35;2.74;0.00;84;87
0.01;94;50;3.27;1.64;30;3;0.14;0.35;2.74;0.00;84;170
0.01;93;49;3.27;3.27;30;3;0.14;0.35;2.74;0.00;84;88
0.01;103;47;3.27;3.27;30;3;0.14;0.35;2.74;0.00;83;89
0.01;101;48;3.27;1.64;30;3;0.14;0.35;2.73;0.00;83;170
0.01;76;48;3.27;3.27;30;3;0.14;0.35;2.73;0.00;83;88
0.01;150;47;4.91;3.27;30;3;0.13;0.35;2.72;0.00;0;89
0.02;99;48;3.27;3.27;30;3;0.13;0.35;2.72;0.00;84;89
0.01;102;47;1.64;1.64;30;3;0.13;0.35;2.72;0.00;165;171
0.01;78;47;3.27;3.27;30;3;0.13;0.35;2.72;0.00;82;89
0.01;92;48;3.27;3.27;30;3;0.13;0.36;2.72;0.00;83;89
0.01;113;48;3.27;1.64;30;3;0.13;0.36;2.71;0.00;83;171
0.02;152;98;4.91;4.91;30;3;0.13;0.36;2.71;0.00;0;6
0.02;151;49;3.27;3.27;30;3;0.12;0.36;2.71;0.00;84;89
0.02;80;47;3.27;3.27;30;3;0.12;0.36;2.71;0.00;83;88
0.01;109;88;3.27;3.27;30;3;0.12;0.36;2.71;0.00;82;88
0.02;93;92;3.27;3.27;30;3;0.12;0.36;2.71;0.00;82;88
0.02;91;94;3.27;3.27;30;3;0.12;0.36;2.71;0.00;82;88
0.02;93;94;3.27;3.27;30;3;0.12;0.36;2.71;0.00;82;88
0.02;124;95;4.91;3.27;30;3;0.11;0.36;2.71;0.00;0;87
0.02;124;97;3.27;3.27;30;3;0.11;0.36;2.71;0.00;82;87
0.02;91;100;3.27;3.27;30;3;0.11;0.36;2.71;0.00;81;87
0.02;88;122;3.27;3.27;30;3;0.11;0.36;2.71;0.00;81;87
0.02;91;94;3.27;3.27;30;3;0.11;0.37;2.71;0.00;81;86
0.02;93;96;3.27;3.27;30;3;0.11;0.37;2.71;0.00;81;86
0.02;92;95;3.27;3.27;30;3;0.10;0.37;2.71;0.00;80;86
0.02;92;93;3.27;3.27;30;3;0.10;0.37;2.71;0.00;80;86
0.02;91;93;3.27;3.27;30;3;0.10;0.37;2.71;0.00;80;85
0.02;92;95;3.27;3.27;30;3;0.10;0.37;2.71;0.00;80;85
0.02;94;92;3.27;3.27;30;3;0.10;0.37;2.71;0.00;80;85
0.02;91;96;3.27;3.27;30;3;0.10;0.37;2.71;0.00;79;85
0.02;92;93;3.27;3.27;30;3;0.10;0.37;2.71;0.00;79;85
0.02;95;93;3.27;3.27;30;3;0.09;0.37;2.71;0.00;79;84
0.02;111;116;3.27;3.27;30;3;0.09;0.37;2.71;0.00;79;84
0.02;87;90;3.27;3.27;30;3;0.09;0.37;2.71;0.00;78;84
0.02;92;92;3.27;3.27;30;3;0.09;0.37;2.71;0.00;78;84
0.01;107;114;3.27;3.27;30;3;0.09;0.37;2.71;0.00;78;83
0.02;95;90;3.27;1.64;30;3;0.09;0.38;2.70;0.00;78;165
0.02;109;76;3.27;1.64;30;3;0.08;0.38;2.69;0.00;77;165
0.02;91;91;3.27;3.27;30;3;0.08;0.38;2.69;0.00;77;85
0.02;122;114;3.27;3.27;30;3;0.08;0.38;2.69;0.00;77;85
0.02;112;90;3.27;3.27;30;3;0.08;0.38;2.69;0.00;77;85
0.02;108;114;4.91;3.27;30;3;0.08;0.38;2.68;0.00;0;85
0.02;113;114;3.27;4.91;30;3;0.08;0.38;2.69;0.00;77;2
0.02;110;115;1.64;3.27;30;3;0.07;0.38;2.70;0.00;158;84
0.02;75;89;3.27;3.27;30;3;0.07;0.38;2.70;0.00;77;83
0.01;95;93;3.27;1.64;30;3;0.07;0.38;2.69;0.00;77;164
0.02;87;92;3.27;3.27;30;3;0.07;0.38;2.69;0.00;77;82
0.02;118;114;3.27;4.91;30;3;0.07;0.38;2.70;0.00;77;0
0.02;116;116;3.27;1.64;30;3;0.07;0.38;2.69;0.00;77;166
0.02;71;86;3.27;1.64;30;3;0.07;0.39;2.68;0.00;76;165
0.01;123;95;3.27;3.27;30;3;0.06;0.39;2.68;0.00;76;85
0.02;173;84;3.27;4.91;30;3;0.06;0.39;2.69;0.00;76;3
0.02;86;107;1.64;3.27;30;3;0.06;0.39;2.70;0.00;157;85
0.02;82;89;1.64;3.27;30;3;0.06;0.39;2.71;0.00;158;84
0.02;93;90;3.27;1.64;30;3;0.06;0.39;2.70;0.00;77;165
0.02;91;94;3.27;3.27;30;3;0.06;0.39;2.70;0.00;78;84
0.02;142;112;4.91;4.91;30;3;0.05;0.39;2.70;0.00;0;2
0.02;115;100;1.64;3.27;30;3;0.05;0.39;2.71;0.00;160;84
0.02;140;84;4.91;3.27;30;3;0.05;0.39;2.70;0.00;0;82
0.02;116;111;3.27;3.27;30;3;0.05;0.39;2.70;0.00;80;82
0.02;102;125;3.27;3.27;30;3;0.05;0.39;2.70;0.00;79;82
0.02;103;95;3.27;1.64;30;3;0.05;0.40;2.69;0.00;79;163
0.02;104;83;3.27;3.27;30;3;0.04;0.40;2.69;0.00;78;82
0.02;128;90;3.27;3.27;30;3;0.04;0.40;2.69;0.00;78;83
0.02;108;77;3.27;3.27;30;3;0.04;0.40;2.69;0.00;78;82
0.02;113;109;3.27;3.27;30;3;0.04;0.40;2.69;0.00;78;82
0.02;114;108;3.27;3.27;30;3;0.04;0.40;2.69;0.00;78;82
0.02;114;118;3.27;3.27;30;3;0.04;0.40;2.69;0.00;77;82
0.02;111;111;3.27;3.27;30;3;0.03;0.40;2.69;0.00;77;82
0.02;107;79;3.27;1.64;30;3;0.03;0.40;2.68;0.00;77;163
0.02;75;117;3.27;3.27;30;3;0.03;0.40;2.68;0.00;77;82
0.02;97;92;1.64;3.27;30;3;0.03;0.40;2.69;0.00;158;82
0.02;114;110;3.27;3.27;30;3;0.03;0.40;2.69;0.00;76;82
0.02;116;98;3.27;3.27;30;3;0.03;0.40;2.69;0.00;77;82
0.02;101;78;3.27;3.27;30;3;0.02;0.41;2.69;0.00;77;82
0.02;111;113;3.27;3.27;30;3;0.02;0.41;2.69;0.00;77;81
0.02;112;76;1.64;1.64;30;3;0.02;0.41;2.69;0.00;158;163
0.02;59;85;1.64;3.27;30;3;0.02;0.41;2.70;0.00;159;81
0.01;100;85;3.27;1.64;30;3;0.02;0.41;2.69;0.00;78;164
0.02;120;136;4.91;4.91;30;3;0.02;0.41;2.69;0.00;0;0
0.02;114;122;3.27;1.64;30;3;0.02;0.41;2.68;0.00;79;165
0.02;99;94;3.27;1.64;30;3;0.01;0.41;2.67;0.00;78;165
0.02;100;85;3.27;3.27;30;3;0.01;0.41;2.67;0.00;78;85
0.02;115;104;3.27;4.91;30;3;0.01;0.41;2.68;0.00;78;3
0.02;111;117;3.27;1.64;30;3;0.01;0.41;2.67;0.00;78;167
0.02;98;75;3.27;3.27;30;3;0.01;0.41;2.67;0.00;77;84
0.01;98;89;3.27;3.27;30;3;0.01;0.41;2.67;0.00;77;85
0.02;101;88;3.27;1.64;30;3;0.01;0.41;2.66;0.00;77;167
0.02;97;84;1.64;3.27;30;3;0.00;0.42;2.67;0.00;158;85
0.02;97;85;3.27;3.27;30;3;0.00;0.42;2.67;0.00;77;86
0.02;97;90;3.27;1.64;30;3;0.00;0.42;2.66;0.00;78;167
0.02;98;85;3.27;3.27;30;3;-0.00;0.42;2.66;0.00;77;86
0.02;112;109;3.27;3.27;30;3;-0.00;0.42;2.66;0.00;0;152
0.02;98;90;3.27;1.64;30;3;-0.00;0.42;2.65;0.00;0;151
0.02;96;88;1.64;3.27;30;3;-0.00;0.42;2.66;0.00;0;151
0.02;97;89;1.64;3.27;30;3;-0.01;0.42;2.67;0.00;0;151
0.02;95;94;1.64;3.27;30;3;-0.01;0.42;2.68;0.00;0;151
0.02;95;90;1.64;1.64;30;3;-0.01;0.42;2.68;0.00;0;151
0.02;95;91;1.64;3.27;30;3;-0.01;0.42;2.68;0.00;0;150
0.02;100;90;1.64;3.27;30;3;-0.01;0.42;2.69;0.00;0;150
0.02;102;111;1.64;4.91;30;3;-0.01;0.42;2.71;0.00;0;150
0.02;106;113;1.64;3.27;30;3;-0.01;0.42;2.72;0.00;0;149
0.02;107;82;1.64;3.27;30;3;-0.01;0.42;2.73;0.00;0;149
0.02;107;110;1.64;4.91;30;3;-0.02;0.43;2.75;0.00;0;149
0.02;97;91;1.64;3.27;30;3;-0.02;0.43;2.76;0.00;0;149
0.02;131;152;1.64;4.91;30;3;-0.02;0.43;2.77;0.00;0;148
0.02;113;117;0.00;4.91;30;3;-0.02;0.43;2.81;0.00;0;147
0.02;131;146;1.64;6.54;30;3;-0.02;0.43;2.84;0.00;0;146
0.02;105;149;1.64;4.91;30;3;-0.03;0.43;2.86;0.00;0;146
0.02;105;191;1.64;6.54;30;3;-0.03;0.43;2.89;0.00;0;145
0.02;126;149;0.00;6.54;30;3;-0.03;0.43;2.95;0.00;0;144
0.02;107;75;0.00;4.91;30;3;-0.03;0.43;2.98;0.00;0;143
0.02;104;72;1.64;4.91;30;3;-0.03;0.43;3.00;0.00;0;143
0.01;108;72;0.00;4.91;30;3;-0.03;0.43;3.02;0.00;0;142
0.02;103;36;0.00;3.27;30;3;-0.04;0.43;3.04;0.00;0;141
0.01;101;32;0.00;4.91;30;3;-0.04;0.43;3.06;0.00;0;141
0.01;74;31;0.00;3.27;30;3;-0.04;0.43;3.07;0.00;0;141
0.01;73;31;0.00;3.27;30;3;-0.04;0.43;3.09;0.00;0;140
0.01;72;30;0.00;3.27;30;3;-0.04;0.43;3.10;0.00;0;140
0.01;71;30;0.00;4.91;30;3;-0.04;0.43;3.12;0.00;0;139
0.01;70;30;0.00;4.91;30;3;-0.04;0.43;3.14;0.00;0;139
0.01;70;30;0.00;4.91;30;3;-0.04;0.43;3.17;0.00;0;138
0.01;69;29;0.00;4.91;30;3;-0.04;0.43;3.19;0.00;0;138
0.01;68;29;0.00;4.91;30;3;-0.04;0.43;3.21;0.00;0;137
0.01;36;29;0.00;3.27;30;3;-0.04;0.43;3.23;0.00;0;137
0.01;35;29;0.00;4.91;30;3;-0.05;0.43;3.25;0.00;0;136
0.01;34;29;0.00;4.91;30;3;-0.05;0.43;3.27;0.00;0;136
0.01;32;29;0.00;4.91;30;3;-0.05;0.43;3.29;0.00;0;135
0.01;31;28;0.00;4.91;30;3;-0.05;0.43;3.32;0.00;0;135
0.01;31;28;0.00;4.91;30;3;-0.05;0.43;3.34;0.00;0;134
0.01;31;29;0.00;4.91;30;3;-0.05;0.43;3.36;0.00;0;133
0.01;30;29;0.00;4.91;30;3;-0.05;0.43;3.38;0.00;0;133
0.01;29;28;0.00;4.91;30;3;-0.05;0.43;3.40;0.00;0;132
0.01;29;29;0.00;4.91;30;3;-0.05;0.43;3.43;0.00;0;132
0.01;29;29;0.00;4.91;30;3;-0.06;0.43;3.45;0.00;0;131
0.01;28;29;0.00;4.91;30;3;-0.06;0.43;3.47;0.00;0;131
0.01;28;30;0.00;4.91;30;3;-0.06;0.43;3.49;0.00;0;130
0.01;27;30;0.00;4.91;30;3;-0.06;0.43;3.52;0.00;0;130
0.01;27;31;0.00;4.91;30;3;-0.06;0.43;3.54;0.00;0;129
0.01;27;31;0.00;4.91;30;3;-0.06;0.43;3.56;0.00;0;128
0.01;26;32;0.00;4.91;30;3;-0.06;0.43;3.58;0.00;0;128
0.01;26;32;0.00;4.91;30;3;-0.06;0.42;3.61;0.00;0;127
0.01;26;34;0.00;4.91;30;3;-0.06;0.42;3.63;0.00;0;127
0.01;26;34;0.00;4.91;30;3;-0.06;0.42;3.65;0.00;0;126
0.01;27;150;0.00;6.54;30;3;-0.07;0.42;3.68;0.00;0;125
0.02;28;148;0.00;4.91;30;3;-0.07;0.42;3.71;0.00;0;125
0.01;155;82;0.00;6.54;30;3;-0.07;0.42;3.74;0.00;0;124
0.02;154;82;0.00;6.54;30;3;-0.07;0.42;3.78;0.00;0;123
0.02;123;80;0.00;4.91;30;3;-0.07;0.42;3.81;0.00;0;122
0.02;89;78;0.00;4.91;30;3;-0.07;0.42;3.84;0.00;0;121
0.02;85;77;0.00;4.91;30;3;-0.07;0.42;3.87;0.00;0;121
0.01;85;77;0.00;4.91;30;3;-0.07;0.42;3.89;0.00;0;120
0.01;83;77;0.00;4.91;30;3;-0.08;0.42;3.91;0.00;0;120
0.01;83;77;0.00;4.91;30;3;-0.08;0.41;3.94;0.00;0;119
0.01;82;76;0.00;4.91;30;3;-0.08;0.41;3.96;0.00;0;119
0.01;82;76;0.00;3.27;30;3;-0.08;0.41;3.97;0.00;0;118
0.01;81;76;0.00;4.91;30;3;-0.08;0.41;4.00;0.00;0;118
0.01;81;77;0.00;3.27;30;3;-0.08;0.41;4.01;0.00;0;117
0.02;80;76;0.00;4.91;30;3;-0.08;0.41;4.04;0.00;0;117
0.01;79;76;0.00;3.27;30;3;-0.08;0.41;4.05;0.00;0;116
0.01;79;76;0.00;4.91;30;3;-0.08;0.41;4.08;0.00;0;116
0.01;78;76;0.00;3.27;30;3;-0.08;0.41;4.09;0.00;0;115
0.01;78;76;0.00;3.27;30;3;-0.08;0.41;4.11;0.00;0;115
0.01;77;76;0.00;3.27;30;3;-0.08;0.41;4.12;0.00;0;114
0.01;77;77;0.00;3.27;30;3;-0.08;0.41;4.14;0.00;0;114
0.01;77;76;0.00;3.27;30;3;-0.08;0.41;4.15;0.00;0;114
0.01;77;77;0.00;3.27;30;3;-0.08;0.41;4.17;0.00;0;113
0.01;76;76;0.00;4.91;30;3;-0.08;0.40;4.19;0.00;0;113
0.01;76;76;0.00;3.27;30;3;-0.08;0.40;4.21;0.00;0;112
0.01;75;78;0.00;3.27;30;3;-0.08;0.40;4.22;0.00;0;112
0.01;74;77;0.00;4.91;30;3;-0.08;0.40;4.24;0.00;0;111
0.01;75;77;0.00;3.27;30;3;-0.09;0.40;4.26;0.00;0;111
0.01;75;77;0.00;3.27;30;3;-0.09;0.40;4.27;0.00;0;111
0.01;74;78;0.00;3.27;30;3;-0.09;0.40;4.29;0.00;0;110
0.01;73;108;0.00;3.27;30;3;-0.09;0.40;4.31;0.00;0;110
0.01;73;108;0.00;4.91;30;3;-0.09;0.40;4.33;0.00;110;0
0.02;74;78;0.00;3.27;30;3;-0.09;0.40;4.35;0.00;242;86
0.01;71;109;0.00;3.27;30;3;-0.09;0.40;4.36;0.00;242;86
0.02;72;92;1.64;3.27;30;3;-0.09;0.40;4.37;0.00;162;86
0.02;73;80;1.64;3.27;30;3;-0.09;0.39;4.38;0.00;164;86
0.01;73;76;3.27;3.27;30;3;-0.09;0.39;4.38;0.00;83;85
0.01;74;108;1.64;3.27;30;3;-0.09;0.39;4.39;0.00;166;85
0.02;72;107;3.27;4.91;30;3;-0.09;0.39;4.40;0.00;84;2
0.01;73;107;1.64;3.27;30;3;-0.09;0.39;4.40;0.00;166;85
0.02;70;107;3.27;3.27;30;3;-0.09;0.39;4.40;0.00;85;83
0.02;71;106;3.27;3.27;30;3;-0.09;0.39;4.40;0.00;85;83
0.01;72;104;1.64;3.27;30;3;-0.09;0.38;4.41;0.00;167;83
0.02;73;104;3.27;4.91;30;3;-0.09;0.38;4.42;0.00;85;0
0.01;74;105;3.27;3.27;30;3;-0.09;0.38;4.42;0.00;86;84
0.02;72;106;3.27;3.27;30;3;-0.09;0.38;4.42;0.00;86;82
0.02;71;106;3.27;3.27;30;3;-0.09;0.38;4.42;0.00;85;82
0.02;72;104;3.27;3.27;30;3;-0.09;0.38;4.42;0.00;85;82
0.01;72;104;3.27;3.27;30;3;-0.09;0.37;4.42;0.00;85;82
0.02;72;105;3.27;3.27;30;3;-0.09;0.37;4.42;0.00;85;82
0.01;70;105;3.27;3.27;30;3;-0.10;0.37;4.42;0.00;85;81
0.02;70;104;3.27;3.27;30;3;-0.10;0.37;4.42;0.00;84;81
0.01;69;104;3.27;3.27;30;3;-0.10;0.37;4.42;0.00;84;81
0.01;69;102;3.27;3.27;30;3;-0.10;0.37;4.42;0.00;84;81
0.02;68;103;3.27;3.27;30;3;-0.10;0.36;4.42;0.00;84;80
0.01;69;105;1.64;1.64;30;3;-0.10;0.36;4.42;0.00;165;162
0.02;68;101;4.91;3.27;30;3;-0.10;0.36;4.41;0.00;1;80
0.02;69;104;3.27;3.27;30;3;-0.10;0.36;4.41;0.00;84;81
0.01;68;85;1.64;3.27;30;3;-0.10;0.36;4.42;0.00;165;81
0.01;68;78;3.27;3.27;30;3;-0.10;0.36;4.42;0.00;83;81
0.01;68;102;4.91;3.27;30;3;-0.10;0.36;4.41;0.00;1;80
0.01;67;102;3.27;3.27;30;3;-0.10;0.35;4.41;0.00;83;80
0.02;67;102;1.64;1.64;30;3;-0.10;0.35;4.41;0.00;164;162
0.02;68;101;3.27;3.27;30;3;-0.10;0.35;4.41;0.00;82;80
0.01;67;101;3.27;3.27;30;3;-0.10;0.35;4.41;0.00;83;81
0.02;67;99;3.27;3.27;30;3;-0.10;0.35;4.41;0.00;83;81
0.01;67;101;3.27;3.27;30;3;-0.10;0.35;4.41;0.00;82;80
0.01;67;99;3.27;3.27;30;3;-0.10;0.35;4.41;0.00;82;80
0.02;66;101;3.27;3.27;30;3;-0.10;0.34;4.41;0.00;82;80
0.01;65;99;3.27;3.27;30;3;-0.10;0.34;4.41;0.00;82;80
0.01;66;102;1.64;1.64;30;3;-0.10;0.34;4.41;0.00;164;162
0.02;65;73;3.27;3.27;30;3;-0.10;0.34;4.41;0.00;82;80
0.01;67;71;3.27;3.27;30;3;-0.11;0.34;4.41;0.00;82;80
0.01;65;100;3.27;1.64;30;3;-0.11;0.34;4.41;0.00;82;162
0.02;65;71;1.64;1.64;30;3;-0.11;0.34;4.41;0.00;164;162
0.01;64;100;3.27;3.27;30;3;-0.11;0.34;4.41;0.00;82;81
0.01;65;100;3.27;3.27;30;3;-0.11;0.33;4.41;0.00;83;82
0.02;64;99;1.64;3.27;30;3;-0.11;0.33;4.41;0.00;165;82
0.01;64;71;3.27;3.27;30;3;-0.11;0.33;4.41;0.00;83;82
0.01;64;99;3.27;3.27;30;3;-0.11;0.33;4.41;0.00;84;81
0.02;64;75;3.27;3.27;30;3;-0.11;0.33;4.41;0.00;84;81
0.01;63;96;3.27;3.27;30;3;-0.11;0.33;4.41;0.00;83;81
0.01;63;97;3.27;1.64;30;3;-0.11;0.33;4.41;0.00;83;163
0.02;63;75;3.27;3.27;30;3;-0.11;0.32;4.41;0.00;83;81
0.01;63;98;3.27;3.27;30;3;-0.11;0.32;4.41;0.00;83;82
0.02;63;98;3.27;3.27;30;3;-0.11;0.32;4.41;0.00;83;81
0.01;63;97;3.27;3.27;30;3;-0.11;0.32;4.41;0.00;82;81
0.01;62;98;3.27;1.64;30;3;-0.11;0.32;4.40;0.00;82;163
0.01;62;76;3.27;1.64;30;3;-0.11;0.32;4.39;0.00;82;163
0.01;61;96;3.27;3.27;30;3;-0.11;0.32;4.39;0.00;82;82
0.01;62;96;3.27;3.27;30;3;-0.11;0.31;4.39;0.00;82;83
0.01;62;96;3.27;3.27;30;3;-0.11;0.31;4.39;0.00;81;83
0.01;62;96;3.27;3.27;30;3;-0.11;0.31;4.39;0.00;81;83
0.01;61;96;3.27;3.27;30;3;-0.11;0.31;4.39;0.00;81;82
0.01;60;71;1.64;1.64;30;3;-0.11;0.31;4.39;0.00;163;164
0.01;60;78;3.27;3.27;30;3;-0.11;0.31;4.39;0.00;81;82
0.01;60;71;3.27;1.64;30;3;-0.12;0.31;4.38;0.00;82;165
0.01;61;75;3.27;3.27;30;3;-0.12;0.31;4.38;0.00;81;83
0.01;61;68;3.27;3.27;30;3;-0.12;0.30;4.38;0.00;81;84
0.01;60;95;3.27;1.64;30;3;-0.12;0.30;4.38;0.00;81;166
0.01;60;67;1.64;3.27;30;3;-0.12;0.30;4.38;0.00;163;83
0.01;59;66;3.27;1.64;30;3;-0.12;0.30;4.38;0.00;81;166
0.01;59;66;3.27;3.27;30;3;-0.12;0.30;4.38;0.00;82;84
0.01;59;67;3.27;3.27;30;3;-0.12;0.30;4.38;0.00;81;85
0.01;59;71;3.27;1.64;30;3;-0.12;0.30;4.37;0.00;81;167
0.01;59;72;3.27;3.27;30;3;-0.12;0.30;4.37;0.00;81;85
0.01;59;94;3.27;3.27;30;3;-0.12;0.29;4.37;0.00;81;86
0.01;59;73;3.27;3.27;30;3;-0.12;0.29;4.37;0.00;81;85
0.01;58;84;1.64;1.64;30;3;-0.12;0.29;4.37;0.00;163;167
0.01;57;76;3.27;3.27;30;3;-0.12;0.29;4.37;0.00;80;85
0.01;58;80;3.27;3.27;30;3;-0.12;0.29;4.37;0.00;81;86
0.01;57;91;3.27;3.27;30;3;-0.12;0.29;4.37;0.00;81;86
0.01;58;64;3.27;1.64;30;3;-0.12;0.29;4.36;0.00;81;168
0.01;57;64;3.27;3.27;30;3;-0.12;0.29;4.36;0.00;81;85
0.01;57;72;3.27;3.27;30;3;-0.12;0.28;4.36;0.00;80;86
0.01;58;91;3.27;3.27;30;3;-0.12;0.28;4.36;0.00;80;86
0.01;57;92;3.27;3.27;30;3;-0.12;0.28;4.36;0.00;80;86
0.01;56;91;3.27;3.27;30;3;-0.12;0.28;4.36;0.00;80;86
0.01;56;71;3.27;1.64;30;3;-0.13;0.28;4.35;0.00;80;167
0.01;55;81;3.27;3.27;30;3;-0.13;0.28;4.35;0.00;79;85
0.01;56;72;1.64;3.27;30;3;-0.13;0.28;4.36;0.00;161;86
0.01;55;62;3.27;3.27;30;3;-0.13;0.28;4.36;0.00;79;86
0.01;55;90;4.91;3.27;30;3;-0.13;0.27;4.35;0.00;0;86
0.01;55;90;1.64;3.27;30;3;-0.13;0.27;4.36;0.00;163;86
0.01;55;90;1.64;3.27;30;3;-0.13;0.27;4.37;0.00;162;85
0.01;55;60;3.27;3.27;30;3;-0.13;0.27;4.37;0.00;81;85
0.01;55;70;4.91;3.27;30;3;-0.13;0.27;4.36;0.00;0;85
0.01;54;73;3.27;3.27;30;3;-0.13;0.27;4.36;0.00;83;85
0.01;54;72;3.27;3.27;30;3;-0.13;0.27;4.36;0.00;82;85
0.01;54;59;1.64;3.27;30;3;-0.13;0.26;4.37;0.00;163;84
0.01;54;83;4.91;3.27;30;3;-0.13;0.26;4.36;0.00;0;84
0.01;54;59;3.27;3.27;30;3;-0.13;0.26;4.36;0.00;83;84
0.01;53;89;3.27;3.27;30;3;-0.13;0.26;4.36;0.00;82;84
0.01;54;71;3.27;1.64;30;3;-0.13;0.26;4.35;0.00;82;166
0.01;53;72;3.27;1.64;30;3;-0.13;0.26;4.35;0.00;82;165
0.01;53;69;3.27;3.27;30;3;-0.13;0.26;4.35;0.00;82;84
0.01;54;87;4.91;3.27;30;3;-0.13;0.25;4.34;0.00;0;85
0.01;53;72;1.64;3.27;30;3;-0.13;0.25;4.35;0.00;164;85
0.01;53;58;3.27;3.27;30;3;-0.14;0.25;4.35;0.00;81;85
0.01;53;84;3.27;3.27;30;3;-0.14;0.25;4.35;0.00;82;85
0.01;53;58;3.27;3.27;30;3;-0.14;0.25;4.35;0.00;82;85
0.01;52;86;3.27;3.27;30;3;-0.14;0.25;4.35;0.00;82;85
0.01;52;57;3.27;3.27;30;3;-0.14;0.25;4.35;0.00;82;84
0.01;53;86;4.91;4.91;30;3;-0.14;0.24;4.35;0.00;0;1
0.01;53;86;3.27;1.64;30;3;-0.14;0.24;4.34;0.00;83;166
0.01;52;78;3.27;1.64;30;3;-0.14;0.24;4.33;0.00;81;164
0.01;89;85;3.27;4.91;30;3;-0.14;0.24;4.34;0.00;81;1
0.01;89;85;3.27;3.27;30;3;-0.14;0.24;4.34;0.00;81;84
0.02;52;58;3.27;1.64;30;3;-0.14;0.24;4.33;0.00;81;165
0.01;88;85;3.27;3.27;30;3;-0.14;0.24;4.33;0.00;80;83
0.02;89;85;3.27;3.27;30;3;-0.14;0.24;4.33;0.00;80;84
0.01;88;83;3.27;3.27;30;3;-0.14;0.23;4.33;0.00;80;84
0.02;88;86;3.27;3.27;30;3;-0.14;0.23;4.33;0.00;80;83
0.01;88;84;3.27;4.91;30;3;-0.14;0.23;4.34;0.00;80;0
0.02;88;84;4.91;3.27;30;3;-0.14;0.23;4.33;0.00;0;84
0.01;88;85;3.27;3.27;30;3;-0.15;0.23;4.33;0.00;80;83
0.01;87;84;3.27;3.27;30;3;-0.15;0.23;4.33;0.00;79;83
0.02;87;84;3.27;3.27;30;3;-0.15;0.22;4.33;0.00;79;83
0.01;87;84;3.27;3.27;30;3;-0.15;0.22;4.33;0.00;79;82
0.01;85;85;3.27;3.27;30;3;-0.15;0.22;4.33;0.00;78;82
0.02;86;83;3.27;3.27;30;3;-0.15;0.22;4.33;0.00;78;82
0.01;86;84;3.27;3.27;30;3;-0.15;0.22;4.33;0.00;78;82
0.01;86;89;3.27;3.27;30;3;-0.15;0.22;4.33;0.00;78;82
0.02;85;90;3.27;3.27;30;3;-0.15;0.21;4.33;0.00;78;81
0.01;50;88;1.64;3.27;30;3;-0.15;0.21;4.34;0.00;159;81
0.01;85;89;3.27;3.27;30;3;-0.15;0.21;4.34;0.00;77;81
0.02;50;88;3.27;1.64;30;3;-0.15;0.21;4.33;0.00;78;162
0.01;49;87;3.27;3.27;30;3;-0.15;0.21;4.33;0.00;78;81
0.01;51;88;1.64;3.27;30;3;-0.15;0.21;4.34;0.00;160;82
0.01;49;84;3.27;1.64;30;3;-0.15;0.21;4.33;0.00;78;163
0.01;48;87;3.27;3.27;30;3;-0.15;0.21;4.33;0.00;79;81
0.01;49;87;3.27;3.27;30;3;-0.15;0.21;4.33;0.00;78;82
0.01;47;86;1.64;1.64;30;3;-0.15;0.20;4.33;0.00;160;164
0.01;50;77;3.27;1.64;30;3;-0.15;0.20;4.32;0.00;78;164
0.01;48;83;3.27;3.27;30;3;-0.16;0.20;4.32;0.00;79;83
0.01;49;85;3.27;3.27;30;3;-0.16;0.20;4.32;0.00;79;84
0.01;48;86;3.27;3.27;30;3;-0.16;0.20;4.32;0.00;79;84
0.01;48;86;3.27;3.27;30;3;-0.16;0.20;4.32;0.00;78;83
0.01;83;86;3.27;3.27;30;3;-0.16;0.20;4.32;0.00;78;83
0.01;83;82;3.27;3.27;30;3;-0.16;0.19;4.32;0.00;78;83
0.01;83;85;3.27;3.27;30;3;-0.16;0.19;4.32;0.00;78;83
0.02;84;86;3.27;3.27;30;3;-0.16;0.19;4.32;0.00;78;83
0.01;83;86;3.27;3.27;30;3;-0.16;0.19;4.32;0.00;77;82
0.01;82;78;3.27;3.27;30;3;-0.16;0.19;4.32;0.00;77;82
0.01;81;77;3.27;3.27;30;3;-0.16;0.19;4.32;0.00;77;82
0.01;81;79;3.27;1.64;30;3;-0.16;0.19;4.31;0.00;77;164
0.01;77;79;3.27;1.64;30;3;-0.16;0.19;4.31;0.00;77;164
0.01;76;80;3.27;3.27;30;3;-0.16;0.18;4.31;0.00;76;83
0.01;82;77;3.27;3.27;30;3;-0.16;0.18;4.31;0.00;76;84
0.01;81;78;3.27;3.27;30;3;-0.16;0.18;4.31;0.00;76;83
0.01;80;79;3.27;3.27;30;3;-0.16;0.18;4.31;0.00;76;83
0.01;80;78;3.27;1.64;30;3;-0.17;0.18;4.30;0.00;76;165
0.01;81;76;1.64;3.27;30;3;-0.17;0.18;4.31;0.00;157;83
0.01;81;75;3.27;3.27;30;3;-0.17;0.18;4.31;0.00;75;84
0.01;80;76;3.27;1.64;30;3;-0.17;0.17;4.30;0.00;76;166
0.02;43;76;3.27;3.27;30;3;-0.17;0.17;4.30;0.00;76;84
0.01;42;77;1.64;1.64;30;3;-0.17;0.17;4.30;0.00;158;167
0.01;42;76;3.27;3.27;30;3;-0.17;0.17;4.30;0.00;75;84
0.01;43;75;3.27;1.64;30;3;-0.17;0.17;4.29;0.00;77;167
0.01;41;83;3.27;3.27;30;3;-0.17;0.17;4.29;0.00;76;85
0.01;41;84;1.64;3.27;30;3;-0.17;0.17;4.30;0.00;158;86
0.01;42;82;3.27;1.64;30;3;-0.17;0.17;4.29;0.00;76;167
0.01;40;80;3.27;3.27;30;3;-0.17;0.17;4.29;0.00;77;85
0.01;41;80;3.27;3.27;30;3;-0.17;0.16;4.29;0.00;77;86
0.01;41;80;3.27;3.27;30;3;-0.17;0.16;4.29;0.00;76;86
0.01;40;80;3.27;1.64;30;3;-0.17;0.16;4.28;0.00;76;168
0.01;40;75;3.27;3.27;30;3;-0.17;0.16;4.28;0.00;76;86
0.01;40;79;3.27;3.27;30;3;-0.17;0.16;4.28;0.00;76;87
0.01;40;78;3.27;3.27;30;3;-0.17;0.16;4.28;0.00;76;86
0.01;39;49;1.64;1.64;30;3;-0.17;0.16;4.28;0.00;157;168
0.01;39;79;3.27;3.27;30;3;-0.18;0.16;4.28;0.00;75;86
0.01;39;49;1.64;3.27;30;3;-0.18;0.15;4.29;0.00;158;87
0.01;38;78;4.91;3.27;30;3;-0.18;0.15;4.28;0.00;0;87
0.01;38;53;1.64;3.27;30;3;-0.18;0.15;4.29;0.00;160;87
0.01;38;57;3.27;3.27;30;3;-0.18;0.15;4.29;0.00;77;86
0.01;38;50;3.27;3.27;30;3;-0.18;0.15;4.29;0.00;78;86
0.01;38;77;3.27;3.27;30;3;-0.18;0.15;4.29;0.00;78;86
0.01;38;51;3.27;3.27;30;3;-0.18;0.15;4.29;0.00;78;86
0.01;38;76;3.27;3.27;30;3;-0.18;0.15;4.29;0.00;77;86
0.01;38;76;3.27;3.27;30;3;-0.18;0.14;4.29;0.00;77;85
0.01;38;76;3.27;3.27;30;3;-0.18;0.14;4.29;0.00;77;85
0.01;38;75;3.27;3.27;30;3;-0.18;0.14;4.29;0.00;77;85
0.01;38;75;3.27;3.27;30;3;-0.18;0.14;4.29;0.00;77;85
0.01;38;76;3.27;3.27;30;3;-0.18;0.14;4.29;0.00;76;85
0.01;39;74;3.27;3.27;30;3;-0.18;0.14;4.29;0.00;76;84
0.01;40;75;3.27;3.27;30;3;-0.18;0.14;4.29;0.00;76;84
0.01;72;74;3.27;3.27;30;3;-0.18;0.13;4.29;0.00;76;84
0.01;72;74;3.27;3.27;30;3;-0.19;0.13;4.29;0.00;76;84
0.01;71;74;3.27;3.27;30;3;-0.19;0.13;4.29;0.00;75;84
0.01;72;74;3.27;1.64;30;3;-0.19;0.13;4.28;0.00;75;165
0.01;70;73;3.27;3.27;30;3;-0.19;0.13;4.28;0.00;75;83
0.01;72;72;3.27;4.91;30;3;-0.19;0.13;4.29;0.00;75;1
0.01;72;72;3.27;1.64;30;3;-0.19;0.13;4.28;0.00;75;166
0.01;72;72;3.27;3.27;30;3;-0.19;0.13;4.28;0.00;75;83
0.01;72;72;3.27;3.27;30;3;-0.19;0.12;4.28;0.00;74;84
0.01;72;71;3.27;3.27;30;3;-0.19;0.12;4.28;0.00;74;84
0.01;71;72;3.27;3.27;30;3;-0.19;0.12;4.28;0.00;74;83
0.01;35;45;3.27;3.27;30;3;-0.19;0.12;4.28;0.00;74;83
0.01;33;46;4.91;4.91;30;3;-0.19;0.12;4.28;0.00;0;0
0.01;33;47;3.27;3.27;30;3;-0.19;0.12;4.28;0.00;75;84
0.01;33;41;3.27;3.27;30;3;-0.19;0.12;4.28;0.00;73;83
0.01;32;47;1.64;3.27;30;3;-0.19;0.12;4.29;0.00;155;83
0.01;32;43;3.27;1.64;30;3;-0.19;0.11;4.28;0.00;73;164
0.01;32;49;3.27;3.27;30;3;-0.19;0.11;4.28;0.00;74;82
0.01;31;70;3.27;3.27;30;3;-0.20;0.11;4.28;0.00;74;83
0.01;31;48;3.27;3.27;30;3;-0.20;0.11;4.28;0.00;74;83
0.01;31;70;3.27;3.27;30;3;-0.20;0.11;4.28;0.00;73;83
0.01;31;69;3.27;1.64;30;3;-0.20;0.11;4.28;0.00;73;165
0.01;30;66;1.64;1.64;30;3;-0.20;0.11;4.28;0.00;155;164
0.01;30;69;3.27;3.27;30;3;-0.20;0.11;4.28;0.00;73;83
0.01;30;70;3.27;3.27;30;3;-0.20;0.10;4.28;0.00;74;84
0.01;30;67;3.27;3.27;30;3;-0.20;0.10;4.28;0.00;74;84
0.01;30;66;3.27;3.27;30;3;-0.20;0.10;4.28;0.00;73;84
0.01;31;67;1.64;3.27;30;3;-0.20;0.10;4.28;0.00;155;84
0.01;30;38;1.64;3.27;30;3;-0.20;0.10;4.29;0.00;155;84
0.01;30;41;3.27;1.64;30;3;-0.20;0.10;4.29;0.00;74;166
0.01;31;44;3.27;1.64;30;3;-0.20;0.10;4.28;0.00;75;165
0.01;34;67;3.27;4.91;30;3;-0.20;0.10;4.28;0.00;75;1
0.01;65;67;3.27;3.27;30;3;-0.20;0.09;4.28;0.00;75;85
0.01;65;67;3.27;3.27;30;3;-0.20;0.09;4.28;0.00;74;84
0.01;65;66;3.27;3.27;30;3;-0.20;0.09;4.28;0.00;74;84
0.01;64;66;3.27;3.27;30;3;-0.20;0.09;4.28;0.00;74;83
0.01;64;66;3.27;1.64;30;3;-0.21;0.09;4.28;0.00;74;165
0.01;63;66;3.27;3.27;30;3;-0.21;0.09;4.28;0.00;74;83
0.01;64;65;1.64;3.27;30;3;-0.21;0.09;4.28;0.00;156;84
0.01;63;65;3.27;3.27;30;3;-0.21;0.09;4.28;0.00;73;84
0.01;65;65;3.27;3.27;30;3;-0.21;0.08;4.28;0.00;74;84
0.01;64;64;3.27;3.27;30;3;-0.21;0.08;4.28;0.00;74;84
0.01;63;65;3.27;3.27;30;3;-0.21;0.08;4.28;0.00;74;83
0.01;63;65;1.64;1.64;30;3;-0.21;0.08;4.28;0.00;156;165
0.01;28;65;1.64;3.27;30;3;-0.21;0.08;4.29;0.00;155;83
0.01;62;64;4.91;3.27;30;3;-0.21;0.08;4.28;0.00;0;84
0.01;29;65;1.64;3.27;30;3;-0.21;0.08;4.29;0.00;159;84
0.01;29;64;3.27;3.27;30;3;-0.21;0.08;4.29;0.00;75;84
0.01;29;64;3.27;3.27;30;3;-0.21;0.07;4.29;0.00;76;83
0.01;29;64;3.27;1.64;30;3;-0.21;0.07;4.28;0.00;76;165
0.01;27;64;3.27;3.27;30;3;-0.21;0.07;4.28;0.00;76;83
0.01;62;63;4.91;4.91;30;3;-0.21;0.07;4.28;0.00;0;1
0.01;61;63;1.64;1.64;30;3;-0.21;0.07;4.28;0.00;159;166
0.01;61;62;1.64;3.27;30;3;-0.22;0.07;4.29;0.00;157;82
0.01;61;62;3.27;3.27;30;3;-0.22;0.07;4.29;0.00;76;83
0.01;61;62;3.27;3.27;30;3;-0.22;0.07;4.29;0.00;77;83
0.01;60;62;3.27;1.64;30;3;-0.22;0.06;4.28;0.00;77;165
0.01;61;62;3.27;1.64;30;3;-0.22;0.06;4.28;0.00;77;164
0.01;60;61;3.27;3.27;30;3;-0.22;0.06;4.28;0.00;77;83
0.01;60;61;3.27;3.27;30;3;-0.22;0.06;4.28;0.00;77;84
0.01;60;61;3.27;3.27;30;3;-0.22;0.06;4.28;0.00;76;84
0.01;60;60;3.27;3.27;30;3;-0.22;0.06;4.28;0.00;76;84
0.01;59;60;3.27;1.64;30;3;-0.22;0.06;4.27;0.00;76;166
0.01;59;60;3.27;3.27;30;3;-0.22;0.06;4.27;0.00;76;84
0.01;59;60;1.64;3.27;30;3;-0.22;0.05;4.28;0.00;158;85
0.01;59;60;1.64;1.64;30;3;-0.22;0.05;4.28;0.00;157;166
0.01;58;59;4.91;3.27;30;3;-0.22;0.05;4.27;0.00;0;84
0.01;58;59;3.27;3.27;30;3;-0.22;0.05;4.27;0.00;79;85
0.01;58;59;1.64;1.64;30;3;-0.22;0.05;4.27;0.00;159;167
0.01;58;59;3.27;1.64;30;3;-0.22;0.05;4.26;0.00;77;167
0.01;58;58;4.91;3.27;30;3;-0.22;0.05;4.25;0.00;0;86
0.01;58;58;1.64;3.27;30;3;-0.23;0.05;4.26;0.00;161;87
0.01;57;58;3.27;3.27;30;3;-0.23;0.04;4.26;0.00;78;87
0.01;57;58;3.27;1.64;30;3;-0.23;0.04;4.25;0.00;79;168
0.01;57;57;3.27;3.27;30;3;-0.23;0.04;4.25;0.00;79;86
0.01;57;58;3.27;3.27;30;3;-0.23;0.04;4.25;0.00;78;87
0.01;57;57;3.27;3.27;30;3;-0.23;0.04;4.25;0.00;78;87
0.01;56;57;3.27;3.27;30;3;-0.23;0.04;4.25;0.00;78;87
0.01;56;57;3.27;1.64;30;3;-0.23;0.04;4.24;0.00;78;168
0.01;56;56;3.27;3.27;30;3;-0.23;0.04;4.24;0.00;78;86
0.01;56;56;3.27;3.27;30;3;-0.23;0.03;4.24;0.00;77;87
0.01;56;56;3.27;3.27;30;3;-0.23;0.03;4.24;0.00;77;87
0.01;56;56;3.27;3.27;30;3;-0.23;0.03;4.24;0.00;77;87
0.01;55;56;1.64;3.27;30;3;-0.23;0.03;4.25;0.00;159;87
0.01;55;56;3.27;3.27;30;3;-0.23;0.03;4.25;0.00;77;87
0.01;55;55;3.27;3.27;30;3;-0.23;0.03;4.25;0.00;78;86
0.01;55;55;3.27;1.64;30;3;-0.23;0.03;4.24;0.00;77;168
0.01;55;54;1.64;1.64;30;3;-0.24;0.03;4.24;0.00;159;168
0.01;55;53;3.27;4.91;30;3;-0.24;0.02;4.25;0.00;77;4
0.01;54;54;3.27;3.27;30;3;-0.24;0.02;4.25;0.00;78;88
0.01;54;53;3.27;3.27;30;3;-0.24;0.02;4.25;0.00;78;87
0.01;21;54;3.27;1.64;30;3;-0.24;0.02;4.24;0.00;78;168
0.01;53;54;3.27;4.91;30;3;-0.24;0.02;4.25;0.00;77;3
0.01;20;54;3.27;3.27;30;3;-0.24;0.02;4.25;0.00;77;87
0.01;53;53;3.27;3.27;30;3;-0.24;0.02;4.25;0.00;77;86
0.01;53;53;4.91;3.27;30;3;-0.24;0.02;4.24;0.00;0;86
0.01;53;52;3.27;3.27;30;3;-0.24;0.01;4.24;0.00;78;86
0.01;53;52;3.27;3.27;30;3;-0.24;0.01;4.24;0.00;77;85
0.01;53;52;3.27;3.27;30;3;-0.24;0.01;4.24;0.00;76;85
0.01;53;53;3.27;3.27;30;3;-0.24;0.01;4.24;0.00;76;85
0.01;18;52;1.64;3.27;30;3;-0.24;0.01;4.25;0.00;158;85
0.01;19;52;3.27;3.27;30;3;-0.24;0.01;4.25;0.00;76;85
0.01;19;52;3.27;3.27;30;3;-0.25;0.01;4.25;0.00;77;84
0.01;52;52;3.27;3.27;30;3;-0.25;0.00;4.25;0.00;77;84
0.01;51;51;3.27;3.27;30;3;-0.25;0.00;4.25;0.00;77;84
0.01;51;51;3.27;3.27;30;3;-0.25;0.00;4.25;0.00;76;84
0.01;51;51;3.27;3.27;30;3;-0.25;0.00;4.25;0.00;76;84
0.01;51;50;3.27;3.27;30;3;-0.25;-0.00;4.25;0.00;76;83
0.01;15;51;3.27;1.64;30;3;-0.25;-0.00;4.24;0.00;76;165
0.01;50;52;3.27;3.27;30;3;-0.25;-0.00;4.24;0.00;76;83
0.01;17;51;1.64;3.27;30;3;-0.25;-0.00;4.25;0.00;157;84
0.01;17;52;3.27;1.64;30;3;-0.25;-0.00;4.24;0.00;75;166
0.01;51;51;3.27;3.27;30;3;-0.25;-0.01;4.24;0.00;76;84
0.01;13;51;1.64;1.64;30;3;-0.25;-0.01;4.24;0.00;158;167
0.01;50;51;1.64;1.64;30;3;-0.25;-0.01;4.24;0.00;158;166
0.02;50;50;3.27;1.64;30;3;-0.25;-0.01;4.24;0.00;77;167
0.01;13;50;1.64;1.64;30;3;-0.25;-0.01;4.24;0.00;160;168
0.01;50;50;1.64;1.64;30;3;-0.25;-0.01;4.24;0.00;159;169
0.01;50;50;1.64;1.64;30;3;-0.25;-0.01;4.24;0.00;160;170
0.01;50;50;1.64;1.64;30;3;-0.25;-0.01;4.24;0.00;161;171
0.02;13;50;0.00;0.00;30;3;-0.25;-0.01;4.24;0.00;245;255
0.01;12;46;1.64;1.64;30;3;-0.25;-0.01;4.24;0.00;164;171
0.01;12;49;0.00;0.00;30;3;-0.25;-0.01;4.24;0.00;249;255
0.01;12;50;1.64;0.00;30;3;-0.25;-0.01;4.23;0.00;167;255
0.01;13;48;0.00;1.64;30;3;-0.25;-0.01;4.24;0.00;252;172
0.01;13;51;0.00;0.00;30;3;-0.25;-0.01;4.24;0.00;253;255
0.02;13;51;0.00;0.00;30;3;-0.25;-0.01;4.24;0.00;255;255
0.01;13;51;0.00;0.00;30;3;-0.25;-0.01;4.24;0.00;255;255
0.01;14;51;1.64;0.00;30;3;-0.26;-0.01;4.23;0.00;172;255
0.01;14;50;0.00;0.00;30;3;-0.26;-0.01;4.23;0.00;255;255
0.01;15;51;0.00;0.00;30;3;-0.26;-0.01;4.23;0.00;255;255
0.01;15;51;0.00;0.00;30;3;-0.26;-0.01;4.23;0.00;255;255
0.02;15;51;0.00;0.00;30;3;-0.26;-0.01;4.23;0.00;255;255
0.01;15;50;0.00;0.00;30;3;-0.26;-0.01;4.23;0.00;255;255
0.01;15;51;0.00;0.00;30;3;-0.26;-0.01;4.23;0.00;255;255
0.01;15;51;0.00;0.00;30;3;-0.26;-0.01;4.23;0.00;255;255
0.01;15;50;0.00;0.00;30;3;-0.26;-0.01;4.23;0.00;255;255
0.01;15;51;0.00;0.00;30;3;-0.26;-0.01;4.23;0.00;255;255
0.01;15;51;0.00;0.00;30;3;-0.26;-0.01;4.23;0.00;255;255
0.01;15;51;0.00;0.00;30;3;-0.26;-0.01;4.23;0.00;255;255
0.01;15;51;0.00;0.00;30;3;-0.26;-0.01;4.23;0.00;255;255
0.01;15;51;0.00;0.00;30;3;-0.26;-0.01;4.23;0.00;255;255
0.01;15;51;0.00;0.00;30;3;-0.26;-0.01;4.23;0.00;255;255
0.02;15;51;0.00;0.00;30;3;-0.26;-0.01;4.23;0.00;255;255
0.01;15;51;0.00;0.00;30;3;-0.26;-0.01;4.23;0.00;255;255
0.01;15;51;0.00;0.00;30;3;-0.26;-0.01;4.23;0.00;255;255
0.01;15;51;0.00;0.00;30;3;-0.26;-0.01;4.23;0.00;255;255
0.01;15;51;0.00;0.00;30;3;-0.26;-0.01;4.23;0.00;255;255
0.01;15;51;0.00;0.00;30;3;-0.26;-0.01;4.23;0.00;255;255
0.02;15;51;0.00;0.00;30;3;-0.26;-0.01;4.23;0.00;255;255
0.01;15;49;0.00;0.00;30;3;-0.26;-0.01;4.23;0.00;255;255
0.01;15;51;0.00;0.00;30;3;-0.26;-0.01;4.23;0.00;255;255
0.01;15;50;0.00;0.00;30;3;-0.26;-0.01;4.23;0.00;255;255
0.01;15;51;0.00;0.00;30;3;-0.26;-0.01;4.23;0.00;255;255
0.01;15;51;0.00;0.00;30;3;-0.26;-0.01;4.23;0.00;255;255
0.01;15;51;0.00;0.00;30;3;-0.26;-0.01;4.23;0.00;255;255
0.01;15;51;0.00;0.00;30;3;-0.26;-0.01;4.23;0.00;255;255
0.01;15;51;0.00;0.00;30;3;-0.26;-0.01;4.23;0.00;255;255
0.02;15;51;0.00;0.00;30;3;-0.26;-0.01;4.23;0.00;255;255
0.01;15;51;0.00;0.00;30;3;-0.26;-0.01;4.23;0.00;255;255
0.01;15;51;0.00;0.00;30;3;-0.26;-0.01;4.23;0.00;255;255
0.01;15;51;0.00;0.00;30;3;-0.26;-0.01;4.23;0.00;255;255
0.01;16;50;0.00;0.00;30;3;-0.26;-0.01;4.23;0.00;255;255
0.01;15;51;0.00;0.00;30;3;-0.26;-0.01;4.23;0.00;255;255
0.02;15;51;0.00;0.00;30;3;-0.26;-0.01;4.23;0.00;255;255
0.01;15;51;0.00;0.00;30;3;-0.26;-0.01;4.23;0.00;255;255
0.02;15;51;0.00;0.00;30;3;-0.26;-0.01;4.23;0.00;255;255
0.01;15;51;0.00;0.00;30;3;-0.26;-0.01;4.23;0.00;255;255
0.01;15;51;0.00;0.00;30;3;-0.26;-0.01;4.23;0.00;255;255
0.01;15;50;0.00;0.00;30;3;-0.26;-0.01;4.23;0.00;255;255
0.01;15;51;0.00;0.00;30;3;-0.26;-0.01;4.23;0.00;255;255
0.01;15;51;0.00;0.00;30;3;-0.26;-0.01;4.23;0.00;255;255
0.01;15;50;0.00;0.00;30;3;-0.26;-0.01;4.23;0.00;255;255
0.01;15;51;0.00;0.00;30;3;-0.26;-0.01;4.23;0.00;255;255
0.01;15;51;0.00;0.00;30;3;-0.26;-0.01;4.23;0.00;255;255
0.02;15;51;0.00;0.00;30;3;-0.26;-0.01;4.23;0.00;255;255
0.01;15;51;0.00;0.00;30;3;-0.26;-0.01;4.23;0.00;255;255
0.01;50;50;0.00;0.00;30;3;-0.26;-0.01;4.23;0.00;255;255
0.01;15;51;0.00;0.00;30;3;-0.26;-0.01;4.23;0.00;255;255
0.01;15;51;0.00;0.00;30;3;-0.26;-0.01;4.23;0.00;255;255
0.01;15;51;0.00;0.00;30;3;-0.26;-0.01;4.23;0.00;255;255
0.02;15;51;0.00;0.00;30;3;-0.26;-0.01;4.23;0.00;255;255
0.01;50;50;0.00;0.00;30;3;-0.26;-0.01;4.23;0.00;255;255
0.01;15;51;0.00;0.00;30;3;-0.26;-0.01;4.23;0.00;255;255
0.01;16;50;0.00;0.00;30;3;-0.26;-0.01;4.23;0.00;255;255
0.01;15;51;0.00;0.00;30;3;-0.26;-0.01;4.23;0.00;255;255
0.01;15;51;0.00;0.00;30;3;-0.26;-0.01;4.23;0.00;255;255
0.02;15;51;0.00;0.00;30;3;-0.26;-0.01;4.23;0.00;255;255
0.01;15;50;0.00;0.00;30;3;-0.26;-0.01;4.23;0.00;255;255
0.01;15;52;0.00;0.00;30;3;-0.26;-0.01;4.23;0.00;255;255
0.01;15;51;0.00;0.00;30;3;-0.26;-0.01;4.23;0.00;255;255
0.01;15;51;0.00;0.00;30;3;-0.26;-0.01;4.23;0.00;255;255
0.02;15;51;0.00;0.00;30;3;-0.26;-0.01;4.23;0.00;255;255
0.01;15;51;0.00;0.00;30;3;-0.26;-0.01;4.23;0.00;255;255
0.01;15;51;0.00;0.00;30;3;-0.26;-0.01;4.23;0.00;255;255
0.01;50;50;0.00;0.00;30;3;-0.26;-0.01;4.23;0.00;255;255
0.01;15;51;0.00;0.00;30;3;-0.26;-0.01;4.23;0.00;255;255
0.01;15;51;0.00;0.00;30;3;-0.26;-0.01;4.23;0.00;255;255
0.02;15;51;0.00;0.00;30;3;-0.26;-0.01;4.23;0.00;255;255
0.01;15;51;0.00;0.00;30;3;-0.26;-0.01;4.23;0.00;255;255
0.01;15;51;0.00;0.00;30;3;-0.26;-0.01;4.23;0.00;255;255
0.01;15;51;0.00;0.00;30;3;-0.26;-0.01;4.23;0.00;255;255
0.01;15;51;0.00;0.00;30;3;-0.26;-0.01;4.23;0.00;255;255
0.01;15;51;0.00;0.00;30;3;-0.26;-0.01;4.23;0.00;255;255
0.02;15;51;0.00;0.00;30;3;-0.26;-0.01;4.23;0.00;255;255
0.01;15;50;0.00;0.00;30;3;-0.26;-0.01;4.23;0.00;255;255
0.01;15;51;0.00;0.00;30;3;-0.26;-0.01;4.23;0.00;255;255
0.01;50;50;0.00;0.00;30;3;-0.26;-0.01;4.23;0.00;255;255
0.01;15;50;0.00;0.00;30;3;-0.26;-0.01;4.23;0.00;255;255
0.01;15;51;0.00;0.00;30;3;-0.26;-0.01;4.23;0.00;255;255
0.01;50;50;0.00;0.00;30;3;-0.26;-0.01;4.23;0.00;255;255
0.01;50;50;0.00;0.00;30;3;-0.26;-0.01;4.23;0.00;255;255
0.01;16;50;0.00;0.00;30;3;-0.26;-0.01;4.23;0.00;255;255
0.01;50;50;0.00;0.00;30;3;-0.26;-0.01;4.23;0.00;255;255
0.01;15;50;0.00;0.00;30;3;-0.26;-0.01;4.23;0.00;255;255
0.02;15;51;0.00;0.00;30;3;-0.26;-0.01;4.23;0.00;255;255
0.01;50;50;0.00;0.00;30;3;-0.26;-0.01;4.23;0.00;255;255
0.01;15;51;0.00;0.00;30;3;-0.26;-0.01;4.23;0.00;255;255
0.01;15;51;0.00;0.00;30;3;-0.26;-0.01;4.23;0.00;255;255
0.01;15;51;0.00;0.00;30;3;-0.26;-0.01;4.23;0.00;255;255
0.01;50;50;0.00;0.00;30;3;-0.26;-0.01;4.23;0.00;255;255
0.02;15;51;0.00;0.00;30;3;-0.26;-0.01;4.23;0.00;255;255
0.01;50;50;0.00;0.00;30;3;-0.26;-0.01;4.23;0.00;255;255
0.01;15;51;0.00;0.00;30;3;-0.26;-0.01;4.23;0.00;255;255
0.01;50;50;0.00;0.00;30;3;-0.26;-0.01;4.23;0.00;255;255
0.01;50;50;0.00;0.00;30;3;-0.26;-0.01;4.23;0.00;255;255
0.01;50;50;0.00;0.00;30;3;-0.26;-0.01;4.23;0.00;255;255
0.01;50;50;0.00;0.00;30;3;-0.26;-0.01;4.23;0.00;255;255
0.01;50;50;0.00;0.00;30;3;-0.26;-0.01;4.23;0.00;255;255
0.01;50;50;0.00;0.00;30;3;-0.26;-0.01;4.23;0.00;255;255
0.02;50;50;0.00;0.00;30;3;-0.26;-0.01;4.23;0.00;255;255
0.01;50;50;0.00;0.00;30;3;-0.26;-0.01;4.23;0.00;255;255
0.01;15;51;0.00;0.00;30;3;-0.26;-0.01;4.23;0.00;255;255
0.01;50;50;0.00;0.00;30;3;-0.26;-0.01;4.23;0.00;255;255
0.01;15;51;0.00;0.00;30;3;-0.26;-0.01;4.23;0.00;255;255
0.01;50;50;0.00;0.00;30;3;-0.26;-0.01;4.23;0.00;255;255
0.01;50;50;0.00;0.00;30;3;-0.26;-0.01;4.23;0.00;255;255
0.01;50;50;0.00;0.00;30;3;-0.26;-0.01;4.23;0.00;255;255
0.02;50;50;0.00;0.00;30;3;-0.26;-0.01;4.23;0.00;255;255
0.01;50;50;0.00;0.00;30;3;-0.26;-0.01;4.23;0.00;255;255
0.01;15;51;0.00;0.00;30;3;-0.26;-0.01;4.23;0.00;255;255
0.01;16;50;0.00;0.00;30;3;-0.26;-0.01;4.23;0.00;255;255
0.01;16;50;0.00;0.00;30;3;-0.26;-0.01;4.23;0.00;255;255
0.01;15;49;0.00;0.00;30;3;-0.26;-0.01;4.23;0.00;255;255
0.01;15;51;0.00;0.00;30;3;-0.26;-0.01;4.23;0.00;255;255
0.01;15;51;0.00;0.00;30;3;-0.26;-0.01;4.23;0.00;255;255
0.01;16;50;0.00;0.00;30;3;-0.26;-0.01;4.23;0.00;255;255
0.02;50;50;0.00;0.00;30;3;-0.26;-0.01;4.23;0.00;255;255
0.01;16;50;0.00;0.00;30;3;-0.26;-0.01;4.23;0.00;255;255
0.01;15;51;0.00;0.00;30;3;-0.26;-0.01;4.23;0.00;255;255
0.01;50;50;0.00;0.00;30;3;-0.26;-0.01;4.23;0.00;255;255
0.01;15;51;0.00;0.00;30;3;-0.26;-0.01;4.23;0.00;255;255
0.01;50;50;0.00;0.00;30;3;-0.26;-0.01;4.23;0.00;255;255
0.02;50;50;0.00;0.00;30;3;-0.26;-0.01;4.23;0.00;255;255
0.01;15;51;0.00;0.00;30;3;-0.26;-0.01;4.23;0.00;255;255
0.01;50;50;0.00;0.00;30;3;-0.26;-0.01;4.23;0.00;255;255
0.01;15;51;0.00;0.00;30;3;-0.26;-0.01;4.23;0.00;255;255
0.01;15;51;0.00;0.00;30;3;-0.26;-0.01;4.23;0.00;255;255
0.01;50;50;0.00;0.00;30;3;-0.26;-0.01;4.23;0.00;255;255
0.02;50;50;0.00;0.00;30;3;-0.26;-0.01;4.23;0.00;255;255
0.01;15;50;0.00;0.00;30;3;-0.26;-0.01;4.23;0.00;255;255
0.02;15;51;0.00;0.00;30;3;-0.26;-0.01;4.23;0.00;255;255
0.01;15;50;0.00;0.00;30;3;-0.26;-0.01;4.23;0.00;255;255
0.01;16;50;0.00;0.00;30;3;-0.26;-0.01;4.23;0.00;255;255
0.02;15;51;0.00;0.00;30;3;-0.26;-0.01;4.23;0.00;255;255
0.01;16;50;0.00;0.00;30;3;-0.26;-0.01;4.23;0.00;255;255
0.01;16;50;0.00;0.00;30;3;-0.26;-0.01;4.23;0.00;255;255
0.01;15;51;0.00;0.00;30;3;-0.26;-0.01;4.23;0.00;255;255
0.01;16;50;0.00;0.00;30;3;-0.26;-0.01;4.23;0.00;255;255
0.01;15;51;0.00;0.00;30;3;-0.26;-0.01;4.23;0.00;255;255
0.02;16;49;0.00;0.00;30;3;-0.26;-0.01;4.23;0.00;255;255
0.01;50;50;0.00;0.00;30;3;-0.26;-0.01;4.23;0.00;255;255
0.01;15;51;0.00;0.00;30;3;-0.26;-0.01;4.23;0.00;255;255
0.01;50;50;0.00;0.00;30;3;-0.26;-0.01;4.23;0.00;255;255
0.01;15;51;0.00;0.00;30;3;-0.26;-0.01;4.23;0.00;255;255
0.01;15;51;0.00;0.00;30;3;-0.26;-0.01;4.23;0.00;255;255
0.02;50;50;0.00;0.00;30;3;-0.26;-0.01;4.23;0.00;255;255
0.01;50;50;0.00;0.00;30;3;-0.26;-0.01;4.23;0.00;255;255
0.01;50;50;0.00;0.00;30;3;-0.26;-0.01;4.23;0.00;255;255
0.01;15;50;0.00;0.00;30;3;-0.26;-0.01;4.23;0.00;255;255
0.01;15;51;0.00;0.00;30;3;-0.26;-0.01;4.23;0.00;255;255
0.01;15;51;0.00;0.00;30;3;-0.26;-0.01;4.23;0.00;255;255
0.01;50;50;0.00;0.00;30;3;-0.26;-0.01;4.23;0.00;255;255
0.01;50;50;0.00;0.00;30;3;-0.26;-0.01;4.23;0.00;255;255
0.01;50;50;0.00;0.00;30;3;-0.26;-0.01;4.23;0.00;255;255
0.01;50;50;0.00;0.00;30;3;-0.26;-0.01;4.23;0.00;255;255
0.01;15;51;0.00;0.00;30;3;-0.26;-0.01;4.23;0.00;255;255
0.02;50;50;0.00;0.00;30;3;-0.26;-0.01;4.23;0.00;255;255
0.01;50;50;0.00;0.00;30;3;-0.26;-0.01;4.23;0.00;255;255
0.01;50;50;0.00;0.00;30;3;-0.26;-0.01;4.23;0.00;255;255
0.01;15;51;0.00;0.00;30;3;-0.26;-0.01;4.23;0.00;255;255
0.01;50;50;0.00;0.00;30;3;-0.26;-0.01;4.23;0.00;255;255
0.01;50;50;0.00;0.00;30;3;-0.26;-0.01;4.23;0.00;255;255
0.02;50;50;0.00;0.00;30;3;-0.26;-0.01;4.23;0.00;255;255
0.01;15;51;0.00;0.00;30;3;-0.26;-0.01;4.23;0.00;255;255
0.01;15;51;0.00;0.00;30;3;-0.26;-0.01;4.23;0.00;255;255
0.01;15;50;0.00;0.00;30;3;-0.26;-0.01;4.23;0.00;255;255
0.01;50;50;0.00;0.00;30;3;-0.26;-0.01;4.23;0.00;255;255
0.01;16;49;0.00;0.00;30;3;-0.26;-0.01;4.23;0.00;255;255
0.01;15;51;0.00;0.00;30;3;-0.26;-0.01;4.23;0.00;255;255
0.01;50;50;0.00;0.00;30;3;-0.26;-0.01;4.23;0.00;255;255
0.01;50;50;0.00;0.00;30;3;-0.26;-0.01;4.23;0.00;255;255
0.02;50;50;0.00;0.00;30;3;-0.26;-0.01;4.23;0.00;255;255
0.01;50;50;0.00;0.00;30;3;-0.26;-0.01;4.23;0.00;255;255
0.01;50;50;0.00;0.00;30;3;-0.26;-0.01;4.23;0.00;255;255
0.01;50;50;0.00;0.00;30;3;-0.26;-0.01;4.23;0.00;255;255
0.01;50;50;0.00;0.00;30;3;-0.26;-0.01;4.23;0.00;255;255
0.01;50;50;0.00;0.00;30;3;-0.26;-0.01;4.23;0.00;255;255
0.01;50;50;0.00;0.00;30;3;-0.26;-0.01;4.23;0.00;255;255
0.01;15;51;0.00;0.00;30;3;-0.26;-0.01;4.23;0.00;255;255
0.02;50;50;0.00;0.00;30;3;-0.26;-0.01;4.23;0.00;255;255
0.01;15;51;0.00;0.00;30;3;-0.26;-0.01;4.23;0.00;255;255
0.01;50;50;0.00;0.00;30;3;-0.26;-0.01;4.23;0.00;255;255
0.01;16;50;0.00;0.00;30;3;-0.26;-0.01;4.23;0.00;255;255
0.01;50;50;0.00;0.00;30;3;-0.26;-0.01;4.23;0.00;255;255
0.01;15;50;0.00;0.00;30;3;-0.26;-0.01;4.23;0.00;255;255
0.02;16;50;0.00;0.00;30;3;-0.26;-0.01;4.23;0.00;255;255
0.01;50;50;0.00;0.00;30;3;-0.26;-0.01;4.23;0.00;255;255
0.01;50;50;0.00;0.00;30;3;-0.26;-0.01;4.23;0.00;255;255
0.02;50;50;0.00;0.00;30;3;-0.26;-0.01;4.23;0.00;255;255
0.01;50;50;0.00;0.00;30;3;-0.26;-0.01;4.23;0.00;255;255
0.01;15;51;0.00;0.00;30;3;-0.26;-0.01;4.23;0.00;255;255
0.01;50;50;0.00;0.00;30;3;-0.26;-0.01;4.23;0.00;255;255
0.01;15;51;0.00;0.00;30;3;-0.26;-0.01;4.23;0.00;255;255
0.01;15;51;0.00;0.00;30;3;-0.26;-0.01;4.23;0.00;255;255
0.02;50;50;0.00;0.00;30;3;-0.26;-0.01;4.23;0.00;255;255
0.01;15;51;0.00;0.00;30;3;-0.26;-0.01;4.23;0.00;255;255
0.01;50;50;0.00;0.00;30;3;-0.26;-0.01;4.23;0.00;255;255
0.01;15;51;0.00;0.00;30;3;-0.26;-0.01;4.23;0.00;255;255
0.01;50;50;0.00;0.00;30;3;-0.26;-0.01;4.23;0.00;255;255
0.01;15;51;0.00;0.00;30;3;-0.26;-0.01;4.23;0.00;255;255
0.01;15;51;0.00;0.00;30;3;-0.26;-0.01;4.23;0.00;255;255
0.01;50;50;0.00;0.00;30;3;-0.26;-0.01;4.23;0.00;255;255
0.02;50;50;0.00;0.00;30;3;-0.26;-0.01;4.23;0.00;255;255
0.01;50;50;0.00;0.00;30;3;-0.26;-0.01;4.23;0.00;255;255
0.01;15;49;0.00;0.00;30;3;-0.26;-0.01;4.23;0.00;255;255
0.01;15;51;0.00;0.00;30;3;-0.26;-0.01;4.23;0.00;255;255
0.01;15;51;0.00;0.00;30;3;-0.26;-0.01;4.23;0.00;255;255
0.01;50;50;0.00;0.00;30;3;-0.26;-0.01;4.23;0.00;255;255
0.01;15;51;0.00;0.00;30;3;-0.26;-0.01;4.23;0.00;255;255
0.01;50;50;0.00;0.00;30;3;-0.26;-0.01;4.23;0.00;255;255
0.01;15;51;0.00;0.00;30;3;-0.26;-0.01;4.23;0.00;255;255
0.02;15;51;0.00;0.00;30;3;-0.26;-0.01;4.23;0.00;255;255
0.01;15;51;0.00;0.00;30;3;-0.26;-0.01;4.23;0.00;255;255
0.01;50;51;0.00;0.00;30;3;-0.26;-0.01;4.23;0.00;255;255
0.01;50;50;0.00;0.00;30;3;-0.26;-0.01;4.23;0.00;255;255
0.01;15;51;0.00;0.00;30;3;-0.26;-0.01;4.23;0.00;255;255
0.01;15;51;0.00;0.00;30;3;-0.26;-0.01;4.23;0.00;255;255