0.01;92;96;0.00;0.00;30;20;0.00;0.00;0.00;0.00;0;0
0.02;93;95;0.00;0.00;30;20;0.00;0.00;0.00;0.00;0;0
0.02;94;96;0.00;0.00;30;20;0.00;0.00;0.00;0.00;0;0
0.02;93;96;0.00;0.00;30;20;0.00;0.00;0.00;0.00;0;0
0.01;93;95;0.00;0.00;30;20;0.00;0.00;0.00;0.00;0;0
0.02;94;95;0.00;0.00;30;20;0.00;0.00;0.00;0.00;0;0
0.01;93;94;0.00;0.00;30;20;0.00;0.00;0.00;0.00;0;0
0.02;93;96;0.00;0.00;30;20;0.00;0.00;0.00;0.00;0;0
0.02;93;94;0.00;0.00;30;20;0.00;0.00;0.00;0.00;0;0
0.02;93;94;0.00;0.00;30;20;0.00;0.00;0.00;0.00;0;0
0.02;93;96;0.00;0.00;30;20;0.00;0.00;0.00;0.00;0;0
0.02;93;96;0.00;0.00;30;20;0.00;0.00;0.00;0.00;0;0
0.02;93;96;0.00;0.00;30;20;0.00;0.00;0.00;0.00;0;0
0.02;92;94;0.00;0.00;30;20;0.00;0.00;0.00;0.00;0;0
0.02;92;95;0.00;0.00;30;20;0.00;0.00;0.00;0.00;0;0
0.01;93;96;0.00;0.00;30;20;0.00;0.00;0.00;0.00;0;0
0.02;93;96;0.00;0.00;30;20;0.00;0.00;0.00;0.00;0;0
0.01;93;94;0.00;0.00;30;20;0.00;0.00;0.00;0.00;0;0
0.02;93;96;0.00;0.00;30;20;0.00;0.00;0.00;0.00;0;0
0.01;93;94;0.00;0.00;30;20;0.00;0.00;0.00;0.00;0;0
0.02;92;96;0.00;0.00;30;20;0.00;0.00;0.00;0.00;0;0
0.02;93;96;0.00;0.00;30;20;0.00;0.00;0.00;0.00;0;0
0.02;93;94;0.00;0.00;30;20;0.00;0.00;0.00;0.00;0;0
0.01;94;94;0.00;0.00;30;20;0.00;0.00;0.00;0.00;0;0
0.02;93;96;0.00;0.00;30;20;0.00;0.00;0.00;0.00;0;0
0.01;94;94;0.00;0.00;30;20;0.00;0.00;0.00;0.00;0;0
0.02;93;94;0.00;0.00;30;20;0.00;0.00;0.00;0.00;0;0
0.01;94;94;0.00;0.00;30;20;0.00;0.00;0.00;0.00;0;0
0.02;93;96;0.00;0.00;30;20;0.00;0.00;0.00;0.00;0;0
0.02;93;96;0.00;0.00;30;20;0.00;0.00;0.00;0.00;0;0
0.01;94;94;0.00;0.00;30;20;0.00;0.00;0.00;0.00;0;0
0.02;93;96;0.00;0.00;30;20;0.00;0.00;0.00;0.00;0;0
0.02;94;96;0.00;0.00;30;20;0.00;0.00;0.00;0.00;0;0
0.02;93;96;0.00;0.00;30;20;0.00;0.00;0.00;0.00;0;0
0.02;93;96;0.00;0.00;30;20;0.00;0.00;0.00;0.00;0;0
0.02;93;94;0.00;0.00;30;20;0.00;0.00;0.00;0.00;0;0
0.02;93;96;0.00;0.00;30;20;0.00;0.00;0.00;0.00;0;0
0.02;94;94;0.00;0.00;30;20;0.00;0.00;0.00;0.00;0;0
0.02;93;94;0.00;0.00;30;20;0.00;0.00;0.00;0.00;0;0
0.01;93;96;0.00;0.00;30;20;0.00;0.00;0.00;0.00;0;0
0.02;93;96;0.00;0.00;30;20;0.00;0.00;0.00;0.00;0;0
0.01;93;93;0.00;0.00;30;20;0.00;0.00;0.00;0.00;0;0
0.02;94;95;0.00;0.00;30;20;0.00;0.00;0.00;0.00;0;0
0.01;92;94;0.00;0.00;30;20;0.00;0.00;0.00;0.00;0;0
0.02;93;94;0.00;0.00;30;20;0.00;0.00;0.00;0.00;0;0
0.02;92;96;0.00;0.00;30;20;0.00;0.00;0.00;0.00;0;0
0.02;93;94;0.00;0.00;30;20;0.00;0.00;0.00;0.00;0;0
0.01;93;96;0.00;0.00;30;20;0.00;0.00;0.00;0.00;0;0
0.02;93;96;0.00;0.00;30;20;0.00;0.00;0.00;0.00;0;0
0.01;93;93;0.00;0.00;30;20;0.00;0.00;0.00;0.00;0;0
0.02;93;94;0.00;0.00;30;20;0.00;0.00;0.00;0.00;0;0
0.01;93;95;0.00;0.00;30;20;0.00;0.00;0.00;0.00;0;0
0.02;93;93;0.00;0.00;30;20;0.00;0.00;0.00;0.00;0;0
0.02;94;96;0.00;0.00;30;20;0.00;0.00;0.00;0.00;0;0
0.02;93;94;0.00;0.00;30;20;0.00;0.00;0.00;0.00;0;0
0.01;94;94;0.00;0.00;30;20;0.00;0.00;0.00;0.00;0;0
0.02;93;95;0.00;0.00;30;20;0.00;0.00;0.00;0.00;0;0
0.01;94;96;0.00;0.00;30;20;0.00;0.00;0.00;0.00;0;0
0.02;93;93;0.00;0.00;30;20;0.00;0.00;0.00;0.00;0;0
0.02;93;94;0.00;0.00;30;20;0.00;0.00;0.00;0.00;0;0
0.02;93;95;0.00;0.00;30;20;0.00;0.00;0.00;0.00;0;0
0.02;93;96;0.00;0.00;30;20;0.00;0.00;0.00;0.00;0;0
0.02;92;96;0.00;0.00;30;20;0.00;0.00;0.00;0.00;0;0
0.01;93;95;0.00;0.00;30;20;0.00;0.00;0.00;0.00;0;0
0.02;93;94;0.00;0.00;30;20;0.00;0.00;0.00;0.00;0;0
0.01;93;95;0.00;0.00;30;20;0.00;0.00;0.00;0.00;0;0
0.02;93;96;0.00;0.00;30;20;0.00;0.00;0.00;0.00;0;0
0.02;93;93;0.00;0.00;30;20;0.00;0.00;0.00;0.00;0;0
0.02;92;95;0.00;0.00;30;20;0.00;0.00;0.00;0.00;0;0
0.02;93;96;0.00;0.00;30;20;0.00;0.00;0.00;0.00;0;0
0.02;92;95;0.00;0.00;30;20;0.00;0.00;0.00;0.00;0;0
0.01;93;94;0.00;0.00;30;20;0.00;0.00;0.00;0.00;0;0
0.02;93;95;0.00;0.00;30;20;0.00;0.00;0.00;0.00;0;0
0.02;93;93;0.00;0.00;30;20;0.00;0.00;0.00;0.00;0;0
0.01;93;94;0.00;0.00;30;20;0.00;0.00;0.00;0.00;0;0
0.02;92;96;0.00;0.00;30;20;0.00;0.00;0.00;0.00;0;0
0.02;93;96;0.00;0.00;30;20;0.00;0.00;0.00;0.00;0;0
0.02;93;96;0.00;0.00;30;20;0.00;0.00;0.00;0.00;0;0
0.01;93;94;0.00;0.00;30;20;0.00;0.00;0.00;0.00;0;0
0.02;92;94;0.00;0.00;30;20;0.00;0.00;0.00;0.00;0;0
0.02;94;95;0.00;0.00;30;20;0.00;0.00;0.00;0.00;0;0
0.02;94;95;0.00;0.00;30;20;0.00;0.00;0.00;0.00;0;0
0.01;94;95;0.00;0.00;30;20;0.00;0.00;0.00;0.00;0;0
0.02;93;96;0.00;0.00;30;20;0.00;0.00;0.00;0.00;0;0
0.01;94;94;0.00;0.00;30;20;0.00;0.00;0.00;0.00;0;0
0.02;93;93;0.00;0.00;30;20;0.00;0.00;0.00;0.00;0;0
0.01;93;94;0.00;0.00;30;20;0.00;0.00;0.00;0.00;0;0
0.02;94;96;0.00;0.00;30;20;0.00;0.00;0.00;0.00;0;0
0.02;93;95;0.00;0.00;30;20;0.00;0.00;0.00;0.00;0;0
0.02;94;95;0.00;0.00;30;20;0.00;0.00;0.00;0.00;0;0
0.01;93;96;0.00;0.00;30;20;0.00;0.00;0.00;0.00;0;0
0.02;93;93;0.00;0.00;30;20;0.00;0.00;0.00;0.00;0;0
0.01;93;95;0.00;0.00;30;20;0.00;0.00;0.00;0.00;0;0
0.02;94;96;0.00;0.00;30;20;0.00;0.00;0.00;0.00;0;0
0.02;94;97;0.00;0.00;30;20;0.00;0.00;0.00;0.00;0;0
0.01;93;96;0.00;0.00;30;20;0.00;0.00;0.00;0.00;0;0
0.02;93;96;0.00;0.00;30;20;0.00;0.00;0.00;0.00;0;0
0.02;93;96;0.00;0.00;30;20;0.00;0.00;0.00;0.00;0;0
0.01;92;95;0.00;0.00;30;20;0.00;0.00;0.00;0.00;0;0
0.02;93;94;0.00;0.00;30;20;0.00;0.00;0.00;0.00;0;0
0.01;93;96;0.00;0.00;30;20;0.00;0.00;0.00;0.00;0;0
0.02;94;94;0.00;0.00;30;20;0.00;0.00;0.00;0.00;0;0
0.01;93;94;0.00;0.00;30;20;0.00;0.00;0.00;0.00;0;0
0.02;94;96;0.00;0.00;30;20;0.00;0.00;0.00;0.00;0;0
0.02;93;96;0.00;0.00;30;20;0.00;0.00;0.00;0.00;0;0
0.02;93;93;0.00;0.00;30;20;0.00;0.00;0.00;0.00;0;0
0.01;92;96;0.00;0.00;30;20;0.00;0.00;0.00;0.00;0;0
0.02;93;94;0.00;0.00;30;20;0.00;0.00;0.00;0.00;0;0
0.01;93;96;0.00;0.00;30;20;0.00;0.00;0.00;0.00;0;0
0.02;94;95;0.00;0.00;30;20;0.00;0.00;0.00;0.00;0;0
0.02;93;96;0.00;0.00;30;20;0.00;0.00;0.00;0.00;0;0
0.02;93;96;0.00;0.00;30;20;0.00;0.00;0.00;0.00;0;0
0.02;93;93;0.00;0.00;30;20;0.00;0.00;0.00;0.00;0;0
0.01;93;95;0.00;0.00;30;20;0.00;0.00;0.00;0.00;0;0
0.02;94;95;0.00;0.00;30;20;0.00;0.00;0.00;0.00;0;0
0.02;93;94;0.00;0.00;30;20;0.00;0.00;0.00;0.00;0;0
0.02;92;96;0.00;0.00;30;20;0.00;0.00;0.00;0.00;0;0
0.01;94;96;0.00;0.00;30;20;0.00;0.00;0.00;0.00;0;0
0.02;93;94;0.00;0.00;30;20;0.00;0.00;0.00;0.00;0;0
0.01;94;94;0.00;0.00;30;20;0.00;0.00;0.00;0.00;0;0
0.02;93;95;0.00;0.00;30;20;0.00;0.00;0.00;0.00;0;0
0.01;94;94;0.00;0.00;30;20;0.00;0.00;0.00;0.00;0;0
0.02;93;96;0.00;0.00;30;20;0.00;0.00;0.00;0.00;0;0
0.02;93;96;0.00;0.00;30;20;0.00;0.00;0.00;0.00;0;0
0.01;94;94;0.00;0.00;30;20;0.00;0.00;0.00;0.00;0;0
0.02;93;94;0.00;0.00;30;20;0.00;0.00;0.00;0.00;0;0
0.02;93;96;0.00;0.00;30;20;0.00;0.00;0.00;0.00;0;0
0.02;93;96;0.00;0.00;30;20;0.00;0.00;0.00;0.00;0;0
0.02;93;96;0.00;0.00;30;20;0.00;0.00;0.00;0.00;0;0
0.02;93;93;0.00;0.00;30;20;0.00;0.00;0.00;0.00;0;0
0.01;93;96;0.00;0.00;30;20;0.00;0.00;0.00;0.00;0;0
0.02;93;96;0.00;0.00;30;20;0.00;0.00;0.00;0.00;0;0
0.01;93;95;0.00;0.00;30;20;0.00;0.00;0.00;0.00;0;0
0.02;92;93;0.00;0.00;30;20;0.00;0.00;0.00;0.00;0;0
0.02;93;94;0.00;0.00;30;20;0.00;0.00;0.00;0.00;0;0
0.02;93;94;0.00;0.00;30;20;0.00;0.00;0.00;0.00;0;0
0.02;93;93;0.00;0.00;30;20;0.00;0.00;0.00;0.00;0;0
0.02;93;94;0.00;0.00;30;20;0.00;0.00;0.00;0.00;0;0
0.01;93;94;0.00;0.00;30;20;0.00;0.00;0.00;0.00;0;0
0.02;93;96;0.00;0.00;30;20;0.00;0.00;0.00;0.00;0;0
0.01;93;95;0.00;0.00;30;20;0.00;0.00;0.00;0.00;0;0
0.02;93;96;0.00;0.00;30;20;0.00;0.00;0.00;0.00;0;0
0.02;93;94;0.00;0.00;30;20;0.00;0.00;0.00;0.00;0;0
0.02;93;94;0.00;0.00;30;20;0.00;0.00;0.00;0.00;0;0
0.02;93;97;0.00;0.00;30;20;0.00;0.00;0.00;0.00;0;0
0.02;93;94;0.00;0.00;30;20;0.00;0.00;0.00;0.00;0;0
0.01;93;96;0.00;0.00;30;20;0.00;0.00;0.00;0.00;0;0
0.02;93;94;0.00;0.00;30;20;0.00;0.00;0.00;0.00;0;0
0.01;94;95;0.00;0.00;30;20;0.00;0.00;0.00;0.00;0;0
0.02;93;96;0.00;0.00;30;20;0.00;0.00;0.00;0.00;0;0
0.02;93;94;0.00;0.00;30;20;0.00;0.00;0.00;0.00;0;0
0.01;92;96;0.00;0.00;30;20;0.00;0.00;0.00;0.00;0;0
0.02;93;93;0.00;0.00;30;20;0.00;0.00;0.00;0.00;0;0
0.01;92;94;0.00;0.00;30;20;0.00;0.00;0.00;0.00;0;0
0.01;92;95;0.00;0.00;30;20;0.00;0.00;0.00;0.00;0;0
0.02;92;96;0.00;0.00;30;20;0.00;0.00;0.00;0.00;0;0
0.02;93;94;0.00;0.00;30;20;0.00;0.00;0.00;0.00;0;0
0.01;92;97;0.00;0.00;30;20;0.00;0.00;0.00;0.00;0;0
0.02;93;94;0.00;0.00;30;20;0.00;0.00;0.00;0.00;0;0
0.01;93;94;0.00;0.00;30;20;0.00;0.00;0.00;0.00;0;0
0.02;93;94;0.00;0.00;30;20;0.00;0.00;0.00;0.00;0;0
0.01;93;96;0.00;0.00;30;20;0.00;0.00;0.00;0.00;0;0
0.02;93;96;0.00;0.00;30;20;0.00;0.00;0.00;0.00;0;0
0.02;93;97;0.00;0.00;30;20;0.00;0.00;0.00;0.00;0;0
0.02;93;94;0.00;0.00;30;20;0.00;0.00;0.00;0.00;0;0
0.01;93;96;0.00;0.00;30;20;0.00;0.00;0.00;0.00;0;0
0.02;93;96;0.00;0.00;30;20;0.00;0.00;0.00;0.00;0;0
0.01;93;95;0.00;0.00;30;20;0.00;0.00;0.00;0.00;0;0
0.02;93;97;0.00;0.00;30;20;0.00;0.00;0.00;0.00;0;0
0.02;93;96;0.00;0.00;30;20;0.00;0.00;0.00;0.00;0;0
0.01;92;96;0.00;0.00;30;20;0.00;0.00;0.00;0.00;0;0
0.02;93;94;0.00;0.00;30;20;0.00;0.00;0.00;0.00;0;0
0.01;93;96;0.00;0.00;30;20;0.00;0.00;0.00;0.00;0;0
0.02;93;97;0.00;0.00;30;20;0.00;0.00;0.00;0.00;0;0
0.02;93;96;0.00;0.00;30;20;0.00;0.00;0.00;0.00;0;0
0.01;93;96;0.00;0.00;30;20;0.00;0.00;0.00;0.00;0;0
0.02;93;96;0.00;0.00;30;20;0.00;0.00;0.00;0.00;0;0
0.02;94;96;0.00;0.00;30;20;0.00;0.00;0.00;0.00;0;0
0.02;92;94;0.00;0.00;30;20;0.00;0.00;0.00;0.00;0;0
0.02;93;94;0.00;0.00;30;20;0.00;0.00;0.00;0.00;0;0
0.02;93;94;0.00;0.00;30;20;0.00;0.00;0.00;0.00;0;0
0.01;93;96;0.00;0.00;30;20;0.00;0.00;0.00;0.00;0;0
0.02;93;96;0.00;0.00;30;20;0.00;0.00;0.00;0.00;0;0
0.02;93;95;0.00;0.00;30;20;0.00;0.00;0.00;0.00;0;0
0.01;93;94;0.00;0.00;30;20;0.00;0.00;0.00;0.00;0;0
0.02;93;96;0.00;0.00;30;20;0.00;0.00;0.00;0.00;0;0
0.01;93;96;0.00;0.00;30;20;0.00;0.00;0.00;0.00;0;0
0.02;93;97;0.00;0.00;30;20;0.00;0.00;0.00;0.00;0;0
0.01;94;97;0.00;0.00;30;20;0.00;0.00;0.00;0.00;0;0
0.02;93;97;0.00;0.00;30;20;0.00;0.00;0.00;0.00;0;0
0.02;93;93;0.00;0.00;30;20;0.00;0.00;0.00;0.00;0;0
0.01;93;94;0.00;0.00;30;20;0.00;0.00;0.00;0.00;0;0
0.02;93;94;0.00;0.00;30;20;0.00;0.00;0.00;0.00;0;0
0.02;92;96;0.00;0.00;30;20;0.00;0.00;0.00;0.00;0;0
0.02;93;97;0.00;0.00;30;20;0.00;0.00;0.00;0.00;0;0
0.02;93;94;0.00;0.00;30;20;0.00;0.00;0.00;0.00;0;0
0.02;93;96;0.00;0.00;30;20;0.00;0.00;0.00;0.00;0;0
0.01;93;95;0.00;0.00;30;20;0.00;0.00;0.00;0.00;0;0
0.02;93;96;0.00;0.00;30;20;0.00;0.00;0.00;0.00;0;0
0.01;93;95;0.00;0.00;30;20;0.00;0.00;0.00;0.00;0;0
0.02;93;97;0.00;0.00;30;20;0.00;0.00;0.00;0.00;0;0
0.02;92;94;0.00;0.00;30;20;0.00;0.00;0.00;0.00;0;0
0.01;94;97;0.00;0.00;30;20;0.00;0.00;0.00;0.00;0;0
0.02;93;96;0.00;0.00;30;20;0.00;0.00;0.00;0.00;0;0
0.01;93;96;0.00;0.00;30;20;0.00;0.00;0.00;0.00;0;0
0.02;93;94;0.00;0.00;30;20;0.00;0.00;0.00;0.00;0;0
0.02;93;96;0.00;0.00;30;20;0.00;0.00;0.00;0.00;0;0
0.02;93;96;0.00;0.00;30;20;0.00;0.00;0.00;0.00;0;0
0.02;93;96;0.00;0.00;30;20;0.00;0.00;0.00;0.00;0;0
0.02;94;94;0.00;0.00;30;3;0.00;0.00;0.00;0.00;255;255
0.02;92;93;1.64;1.64;30;3;0.00;0.00;0.00;0.00;177;177
0.02;93;97;0.00;1.64;30;3;0.00;0.00;0.01;0.00;255;179
0.02;92;95;1.64;1.64;30;3;0.00;0.00;0.01;0.00;178;180
0.02;94;94;3.27;1.64;30;3;0.00;0.00;0.00;0.00;98;181
0.02;94;94;1.64;1.64;30;3;0.00;0.00;0.00;0.00;181;182
0.02;93;94;1.64;3.27;30;3;0.01;0.00;0.01;0.00;181;101
0.02;92;92;3.27;1.64;30;3;0.01;0.00;-0.00;0.00;100;184
0.02;92;91;3.27;3.27;30;3;0.01;0.00;-0.00;0.00;101;102
0.01;92;93;1.64;1.64;30;3;0.01;0.00;-0.00;0.00;183;185
0.02;91;91;3.27;3.27;30;3;0.01;0.00;-0.00;0.00;101;103
0.02;92;92;3.27;3.27;30;3;0.01;0.00;-0.00;0.00;101;104
0.02;91;93;3.27;1.64;30;3;0.01;0.00;-0.01;0.00;101;186
0.02;91;91;3.27;3.27;30;3;0.02;-0.00;-0.01;0.00;101;104
0.02;92;91;4.91;3.27;30;3;0.02;-0.00;-0.02;0.00;18;105
0.02;92;92;3.27;3.27;30;3;0.02;-0.00;-0.02;0.00;100;104
0.02;91;92;3.27;3.27;30;3;0.02;-0.00;-0.02;0.00;99;104
0.02;91;91;3.27;3.27;30;3;0.02;-0.00;-0.02;0.00;99;104
0.02;91;91;3.27;3.27;30;3;0.03;-0.00;-0.02;0.00;99;104
0.02;91;91;3.27;3.27;30;3;0.03;-0.00;-0.02;0.00;98;104
0.02;91;91;3.27;3.27;30;3;0.03;-0.00;-0.02;0.00;98;103
0.02;90;91;3.27;3.27;30;3;0.03;-0.00;-0.02;0.00;98;103
0.01;90;88;4.91;3.27;30;3;0.03;-0.00;-0.03;0.00;15;103
0.02;90;90;3.27;3.27;30;3;0.03;-0.00;-0.03;0.00;97;103
0.02;89;90;3.27;3.27;30;3;0.04;-0.00;-0.03;0.00;96;102
0.01;89;90;3.27;3.27;30;3;0.04;-0.00;-0.03;0.00;96;102
0.02;89;89;3.27;3.27;30;3;0.04;-0.00;-0.03;0.00;96;102
0.01;89;89;3.27;3.27;30;3;0.04;-0.00;-0.03;0.00;95;102
0.02;87;87;3.27;3.27;30;3;0.04;-0.00;-0.03;0.00;95;102
0.02;88;90;4.91;3.27;30;3;0.04;-0.00;-0.03;0.00;12;101
0.02;88;88;3.27;4.91;30;3;0.05;-0.00;-0.03;0.00;94;18
0.02;88;88;3.27;3.27;30;3;0.05;-0.00;-0.03;0.00;93;101
0.02;87;87;3.27;3.27;30;3;0.05;-0.00;-0.03;0.00;93;99
0.01;87;88;3.27;3.27;30;3;0.05;-0.00;-0.03;0.00;93;99
0.02;88;87;3.27;3.27;30;3;0.05;-0.00;-0.03;0.00;93;99
0.02;86;86;3.27;3.27;30;3;0.06;-0.00;-0.03;0.00;92;99
0.01;86;86;3.27;4.91;30;3;0.06;-0.00;-0.02;0.00;92;16
0.02;87;86;3.27;3.27;30;3;0.06;-0.00;-0.02;0.00;92;98
0.01;86;86;3.27;3.27;30;3;0.06;-0.00;-0.02;0.00;92;97
0.01;86;85;3.27;3.27;30;3;0.06;-0.00;-0.02;0.00;91;97
0.02;84;84;3.27;3.27;30;3;0.06;-0.00;-0.02;0.00;91;97
0.01;86;85;3.27;3.27;30;3;0.07;-0.00;-0.02;0.00;91;96
0.02;85;84;3.27;3.27;30;3;0.07;-0.00;-0.02;0.00;91;96
0.01;85;84;3.27;3.27;30;3;0.07;-0.00;-0.02;0.00;91;96
0.01;85;83;3.27;3.27;30;3;0.07;-0.00;-0.02;0.00;90;96
0.02;84;83;3.27;3.27;30;3;0.07;-0.00;-0.02;0.00;90;95
0.01;84;83;4.91;3.27;30;3;0.07;-0.00;-0.03;0.00;7;95
0.01;84;83;3.27;3.27;30;3;0.08;-0.00;-0.03;0.00;90;95
0.02;83;83;3.27;3.27;30;3;0.08;-0.00;-0.03;0.00;88;95
0.01;83;81;3.27;3.27;30;3;0.08;-0.00;-0.03;0.00;88;95
0.01;83;81;3.27;3.27;30;3;0.08;-0.00;-0.03;0.00;88;94
0.02;83;81;4.91;3.27;30;3;0.08;-0.00;-0.03;0.00;5;94
0.01;83;81;3.27;3.27;30;3;0.08;-0.00;-0.03;0.00;87;94
0.01;82;81;3.27;3.27;30;3;0.09;-0.00;-0.03;0.00;86;94
0.02;82;80;3.27;4.91;30;3;0.09;-0.00;-0.03;0.00;86;11
0.01;82;80;4.91;3.27;30;3;0.09;-0.00;-0.03;0.00;3;93
0.01;83;80;3.27;3.27;30;3;0.09;-0.00;-0.03;0.00;85;92
0.01;82;79;3.27;3.27;30;3;0.09;-0.00;-0.03;0.00;84;92
0.01;82;79;3.27;3.27;30;3;0.09;-0.00;-0.03;0.00;84;91
0.02;81;79;3.27;3.27;30;3;0.10;-0.00;-0.03;0.00;84;91
0.01;81;79;3.27;3.27;30;3;0.10;-0.00;-0.03;0.00;83;91
0.01;80;78;3.27;3.27;30;3;0.10;-0.00;-0.03;0.00;83;91
0.01;80;78;3.27;3.27;30;3;0.10;-0.00;-0.03;0.00;83;91
0.01;81;78;3.27;3.27;30;3;0.10;-0.00;-0.03;0.00;83;90
0.01;80;78;3.27;3.27;30;3;0.10;-0.00;-0.03;0.00;83;90
0.01;80;78;3.27;3.27;30;3;0.11;-0.00;-0.03;0.00;82;90
0.01;80;77;3.27;3.27;30;3;0.11;-0.00;-0.03;0.00;82;90
0.01;80;77;3.27;3.27;30;3;0.11;-0.00;-0.03;0.00;82;90
0.01;80;78;3.27;3.27;30;3;0.11;-0.00;-0.03;0.00;82;89
0.01;79;77;3.27;3.27;30;3;0.11;-0.00;-0.03;0.00;82;89
0.01;78;77;3.27;1.64;30;3;0.11;-0.00;-0.04;0.00;81;171
0.01;77;77;3.27;3.27;30;3;0.11;-0.00;-0.04;0.00;81;89
0.01;79;77;3.27;3.27;30;3;0.12;-0.00;-0.04;0.00;81;90
0.01;79;76;3.27;3.27;30;3;0.12;-0.00;-0.04;0.00;81;90
0.01;79;76;3.27;3.27;30;3;0.12;-0.00;-0.04;0.00;81;90
0.01;78;76;3.27;3.27;30;3;0.12;-0.00;-0.04;0.00;80;89
0.01;78;75;3.27;3.27;30;3;0.12;-0.00;-0.04;0.00;80;89
0.01;78;76;3.27;3.27;30;3;0.12;-0.00;-0.04;0.00;80;89
0.01;78;75;1.64;3.27;30;3;0.12;-0.00;-0.03;0.00;162;89
0.01;78;76;3.27;3.27;30;3;0.13;-0.00;-0.03;0.00;80;89
0.01;77;75;3.27;3.27;30;3;0.13;-0.00;-0.03;0.00;81;88
0.01;77;75;3.27;3.27;30;3;0.13;-0.00;-0.03;0.00;80;88
0.01;77;75;3.27;1.64;30;3;0.13;-0.00;-0.04;0.00;80;170
0.01;74;75;3.27;3.27;30;3;0.13;-0.00;-0.04;0.00;80;88
0.01;77;75;1.64;3.27;30;3;0.13;-0.00;-0.03;0.00;162;89
0.01;75;76;1.64;1.64;30;3;0.13;-0.00;-0.03;0.00;162;170
0.02;73;77;3.27;1.64;30;3;0.14;-0.00;-0.04;0.00;81;170
0.01;76;76;3.27;4.91;30;3;0.14;-0.00;-0.04;0.00;81;6
0.01;76;75;1.64;3.27;30;3;0.14;-0.00;-0.03;0.00;163;90
0.01;76;73;3.27;3.27;30;3;0.14;-0.00;-0.03;0.00;81;89
0.01;75;75;4.91;3.27;30;3;0.14;-0.00;-0.04;0.00;0;89
0.01;75;75;3.27;3.27;30;3;0.14;-0.00;-0.04;0.00;83;89
0.01;75;75;3.27;3.27;30;3;0.14;-0.00;-0.04;0.00;82;88
0.01;76;75;3.27;3.27;30;3;0.15;-0.00;-0.04;0.00;82;88
0.01;75;75;3.27;1.64;30;3;0.15;-0.00;-0.04;0.00;81;170
0.01;75;74;3.27;3.27;30;3;0.15;-0.00;-0.04;0.00;81;88
0.01;75;74;3.27;3.27;30;3;0.15;-0.00;-0.04;0.00;81;89
0.01;75;72;1.64;3.27;30;3;0.15;-0.00;-0.04;0.00;163;89
0.01;75;73;3.27;3.27;30;3;0.15;-0.00;-0.04;0.00;81;88
0.01;74;73;3.27;3.27;30;3;0.15;-0.00;-0.04;0.00;82;88
0.01;74;71;3.27;1.64;30;3;0.16;-0.00;-0.04;0.00;81;170
0.01;74;70;3.27;3.27;30;3;0.16;-0.00;-0.04;0.00;81;88
0.01;74;72;3.27;3.27;30;3;0.16;-0.00;-0.04;0.00;81;89
0.01;74;72;3.27;3.27;30;3;0.16;-0.00;-0.04;0.00;81;89
0.01;73;70;3.27;1.64;30;3;0.16;-0.00;-0.05;0.00;81;170
0.01;73;70;3.27;3.27;30;3;0.16;-0.00;-0.05;0.00;80;88
0.01;74;71;3.27;3.27;30;3;0.16;-0.00;-0.05;0.00;80;89
0.01;73;70;3.27;3.27;30;3;0.17;-0.00;-0.05;0.00;80;89
0.01;73;69;3.27;1.64;30;3;0.17;-0.00;-0.06;0.00;80;171
0.01;73;69;1.64;3.27;30;3;0.17;-0.00;-0.05;0.00;162;89
0.01;73;68;3.27;3.27;30;3;0.17;-0.00;-0.05;0.00;80;90
0.01;73;69;3.27;3.27;30;3;0.17;-0.00;-0.05;0.00;80;89
0.01;72;68;3.27;3.27;30;3;0.17;-0.00;-0.05;0.00;80;89
0.01;72;68;3.27;3.27;30;3;0.17;-0.00;-0.05;0.00;80;89
0.01;72;68;3.27;3.27;30;3;0.18;-0.01;-0.05;0.00;80;89
0.01;72;68;3.27;3.27;30;3;0.18;-0.01;-0.05;0.00;80;89
0.01;71;67;3.27;3.27;30;3;0.18;-0.01;-0.05;0.00;80;88
0.01;70;66;3.27;3.27;30;3;0.18;-0.01;-0.05;0.00;79;88
0.01;71;67;3.27;3.27;30;3;0.18;-0.01;-0.05;0.00;79;88
0.01;69;66;3.27;3.27;30;3;0.18;-0.01;-0.05;0.00;79;88
0.01;71;66;3.27;3.27;30;3;0.18;-0.01;-0.05;0.00;79;88
0.01;69;66;3.27;3.27;30;3;0.19;-0.01;-0.05;0.00;79;87
0.01;71;66;3.27;3.27;30;3;0.19;-0.01;-0.05;0.00;78;87
0.01;71;65;3.27;3.27;30;3;0.19;-0.01;-0.05;0.00;78;87
0.01;70;66;3.27;3.27;30;3;0.19;-0.01;-0.05;0.00;78;87
0.01;70;66;3.27;3.27;30;3;0.19;-0.01;-0.05;0.00;78;87
0.01;72;66;3.27;3.27;30;3;0.19;-0.01;-0.05;0.00;78;86
0.01;72;66;3.27;3.27;30;3;0.20;-0.01;-0.05;0.00;77;86
0.01;73;65;3.27;3.27;30;3;0.20;-0.01;-0.05;0.00;77;86
0.01;75;65;3.27;3.27;30;3;0.20;-0.01;-0.05;0.00;77;86
0.01;80;65;3.27;3.27;30;3;0.20;-0.01;-0.05;0.00;77;86
0.01;78;64;3.27;3.27;30;3;0.20;-0.01;-0.05;0.00;77;85
0.01;77;65;3.27;1.64;30;3;0.20;-0.01;-0.06;0.00;0;141
0.01;77;64;1.64;3.27;30;3;0.20;-0.01;-0.05;0.00;0;140
0.01;76;64;1.64;3.27;30;3;0.20;-0.01;-0.04;0.00;0;140
0.01;76;65;3.27;3.27;30;3;0.21;-0.01;-0.04;0.00;0;140
0.01;76;65;1.64;3.27;30;3;0.21;-0.01;-0.03;0.00;0;140
0.01;77;65;3.27;3.27;30;3;0.21;-0.01;-0.03;0.00;0;140
0.01;75;64;1.64;3.27;30;3;0.21;-0.01;-0.03;0.00;0;140
0.01;77;65;1.64;3.27;30;3;0.21;-0.01;-0.02;0.00;0;139
0.01;75;64;3.27;4.91;30;3;0.21;-0.01;-0.01;0.00;0;139
0.01;76;64;1.64;3.27;30;3;0.21;-0.01;-0.00;0.00;0;139
0.01;79;64;1.64;3.27;30;3;0.22;-0.01;0.00;0.00;0;139
0.01;80;64;1.64;4.91;30;3;0.22;-0.01;0.02;0.00;0;138
0.01;79;64;1.64;3.27;30;3;0.22;-0.01;0.03;0.00;0;138
0.01;77;63;1.64;4.91;30;3;0.22;-0.01;0.04;0.00;0;138
0.01;74;63;1.64;3.27;30;3;0.22;-0.01;0.05;0.00;0;138
0.01;74;63;1.64;4.91;30;3;0.22;-0.01;0.06;0.00;0;137
0.01;86;63;1.64;3.27;30;3;0.22;-0.01;0.07;0.00;0;137
0.01;85;63;0.00;4.91;30;3;0.22;-0.01;0.09;0.00;0;137
0.01;71;63;1.64;3.27;30;3;0.23;-0.01;0.10;0.00;0;136
0.01;68;63;1.64;4.91;30;3;0.23;-0.01;0.12;0.00;0;136
0.01;67;63;1.64;3.27;30;3;0.23;-0.01;0.12;0.00;0;136
0.01;66;62;0.00;4.91;30;3;0.23;-0.01;0.15;0.00;0;135
0.01;65;62;1.64;4.91;30;3;0.23;-0.01;0.16;0.00;0;135
0.01;64;63;0.00;3.27;30;3;0.23;-0.01;0.18;0.00;0;135
0.01;64;63;0.00;4.91;30;3;0.23;-0.01;0.20;0.00;0;134
0.01;63;62;0.00;4.91;30;3;0.23;-0.00;0.22;0.00;0;133
0.01;63;63;1.64;3.27;30;3;0.23;-0.00;0.23;0.00;0;133
0.01;62;63;0.00;4.91;30;3;0.24;-0.00;0.25;0.00;0;133
0.01;61;62;1.64;4.91;30;3;0.24;-0.00;0.26;0.00;0;132
0.01;60;64;0.00;3.27;30;3;0.24;-0.00;0.28;0.00;0;132
0.01;60;62;0.00;3.27;30;3;0.24;-0.00;0.29;0.00;0;132
0.01;59;63;1.64;4.91;30;3;0.24;-0.00;0.31;0.00;0;131
0.01;59;63;0.00;4.91;30;3;0.24;-0.00;0.33;0.00;0;131
0.01;59;65;0.00;3.27;30;3;0.24;-0.00;0.35;0.00;0;130
0.01;59;65;0.00;4.91;30;3;0.24;-0.00;0.37;0.00;0;130
0.01;59;67;0.00;4.91;30;3;0.24;-0.00;0.39;0.00;0;129
0.01;58;83;0.00;4.91;30;3;0.24;-0.00;0.41;0.00;0;129
0.01;60;82;0.00;3.27;30;3;0.25;-0.00;0.43;0.00;0;128
0.01;95;83;0.00;4.91;30;3;0.25;-0.00;0.45;0.00;0;128
0.02;64;86;0.00;4.91;30;3;0.25;0.00;0.48;0.00;0;127
0.01;87;85;0.00;4.91;30;3;0.25;0.00;0.50;0.00;0;126
0.02;85;99;0.00;4.91;30;3;0.25;0.00;0.52;0.00;0;126
0.02;84;90;0.00;4.91;30;3;0.25;0.00;0.55;0.00;0;125
0.02;86;87;0.00;4.91;30;3;0.25;0.00;0.57;0.00;0;125
0.01;91;100;0.00;3.27;30;3;0.25;0.00;0.59;0.00;0;124
0.02;89;102;0.00;4.91;30;3;0.25;0.00;0.62;0.00;0;124
0.02;89;106;0.00;4.91;30;3;0.25;0.00;0.64;0.00;0;123
0.02;99;103;0.00;4.91;30;3;0.26;0.01;0.67;0.00;0;122
0.02;97;103;0.00;4.91;30;3;0.26;0.01;0.70;0.00;0;121
0.02;106;104;0.00;3.27;30;3;0.26;0.01;0.72;0.00;0;121
0.02;96;104;0.00;3.27;30;3;0.26;0.01;0.73;0.00;0;121
0.02;94;103;0.00;4.91;30;3;0.26;0.01;0.76;0.00;0;120
0.02;105;102;0.00;3.27;30;3;0.26;0.01;0.78;0.00;0;119
0.02;105;102;0.00;4.91;30;3;0.26;0.01;0.81;0.00;0;119
0.02;104;103;0.00;4.91;30;3;0.26;0.01;0.84;0.00;0;118
0.02;103;102;0.00;4.91;30;3;0.26;0.01;0.86;0.00;0;117
0.02;105;111;0.00;3.27;30;3;0.26;0.01;0.88;0.00;0;117
0.02;102;103;0.00;3.27;30;3;0.26;0.01;0.90;0.00;0;116
0.02;102;103;0.00;4.91;30;3;0.26;0.01;0.93;0.00;0;116
0.02;102;101;0.00;4.91;30;3;0.27;0.02;0.96;0.00;0;115
0.02;101;101;0.00;4.91;30;3;0.27;0.02;0.98;0.00;0;114
0.02;99;102;0.00;3.27;30;3;0.27;0.02;1.00;0.00;0;114
0.02;100;110;0.00;4.91;30;3;0.27;0.02;1.03;0.00;0;113
0.02;99;100;0.00;4.91;30;3;0.27;0.02;1.06;0.00;0;112
0.02;101;100;0.00;4.91;30;3;0.27;0.02;1.09;0.00;0;112
0.02;98;98;0.00;4.91;30;3;0.27;0.02;1.11;0.00;0;111
0.02;98;101;0.00;3.27;30;3;0.27;0.02;1.13;0.00;0;111
0.02;98;99;0.00;4.91;30;3;0.27;0.02;1.16;0.00;0;110
0.02;99;100;0.00;4.91;30;3;0.27;0.03;1.19;0.00;110;0
0.02;98;99;0.00;3.27;30;3;0.27;0.03;1.20;0.00;241;85
0.02;96;98;1.64;4.91;30;3;0.27;0.03;1.22;0.00;159;2
0.02;100;102;1.64;3.27;30;3;0.27;0.03;1.23;0.00;161;84
0.02;100;99;1.64;3.27;30;3;0.27;0.03;1.24;0.00;162;83
0.02;95;87;1.64;4.91;30;3;0.27;0.03;1.26;0.00;163;0
0.02;96;99;3.27;3.27;30;3;0.27;0.03;1.26;0.00;83;84
0.02;96;109;1.64;3.27;30;3;0.27;0.04;1.27;0.00;165;83
0.02;94;100;3.27;3.27;30;3;0.27;0.04;1.27;0.00;84;82
0.02;97;106;3.27;3.27;30;3;0.28;0.04;1.27;0.00;84;82
0.02;97;100;1.64;3.27;30;3;0.28;0.04;1.28;0.00;166;82
0.02;95;100;3.27;3.27;30;3;0.28;0.04;1.28;0.00;84;82
0.02;98;101;3.27;3.27;30;3;0.28;0.04;1.28;0.00;85;81
0.02;95;99;3.27;3.27;30;3;0.28;0.05;1.28;0.00;85;81
0.02;94;99;1.64;3.27;30;3;0.28;0.05;1.29;0.00;166;81
0.02;94;87;3.27;1.64;30;3;0.28;0.05;1.28;0.00;85;163
0.02;94;87;3.27;3.27;30;3;0.28;0.05;1.28;0.00;86;81
0.02;97;98;1.64;3.27;30;3;0.28;0.05;1.29;0.00;167;82
0.02;94;76;1.64;3.27;30;3;0.28;0.05;1.30;0.00;167;82
0.01;94;90;3.27;1.64;30;3;0.28;0.05;1.29;0.00;87;163
0.02;94;90;3.27;3.27;30;3;0.28;0.06;1.29;0.00;87;81
0.02;93;92;4.91;3.27;30;3;0.28;0.06;1.28;0.00;4;82
0.02;94;98;3.27;3.27;30;3;0.28;0.06;1.28;0.00;87;82
0.02;90;96;3.27;3.27;30;3;0.28;0.06;1.28;0.00;85;82
0.02;94;96;3.27;3.27;30;3;0.28;0.06;1.28;0.00;85;81
0.02;94;97;3.27;3.27;30;3;0.28;0.06;1.28;0.00;85;81
0.02;93;97;3.27;3.27;30;3;0.28;0.07;1.28;0.00;85;81
0.02;94;97;3.27;1.64;30;3;0.28;0.07;1.27;0.00;84;163
0.02;94;96;3.27;1.64;30;3;0.28;0.07;1.26;0.00;84;163
0.02;94;95;3.27;3.27;30;3;0.28;0.07;1.26;0.00;84;82
0.02;94;94;3.27;3.27;30;3;0.29;0.07;1.26;0.00;84;83
0.02;92;95;3.27;3.27;30;3;0.29;0.07;1.26;0.00;84;83
0.02;94;95;3.27;3.27;30;3;0.29;0.08;1.26;0.00;83;82
0.02;92;91;3.27;3.27;30;3;0.29;0.08;1.26;0.00;83;82
0.01;92;92;3.27;1.64;30;3;0.29;0.08;1.25;0.00;83;164
0.02;91;90;3.27;1.64;30;3;0.29;0.08;1.24;0.00;83;164
0.02;92;92;3.27;3.27;30;3;0.29;0.08;1.24;0.00;82;83
0.02;96;92;3.27;3.27;30;3;0.29;0.08;1.24;0.00;82;84
0.02;97;92;3.27;3.27;30;3;0.29;0.08;1.24;0.00;82;84
0.02;95;92;3.27;3.27;30;3;0.29;0.09;1.24;0.00;82;83
0.02;92;90;3.27;4.91;30;3;0.29;0.09;1.25;0.00;82;0
0.02;95;93;3.27;3.27;30;3;0.29;0.09;1.25;0.00;81;84
0.02;91;92;3.27;1.64;30;3;0.29;0.09;1.24;0.00;81;165
0.02;90;91;3.27;3.27;30;3;0.29;0.09;1.24;0.00;81;83
0.02;93;91;1.64;3.27;30;3;0.29;0.09;1.25;0.00;162;84
0.01;91;91;4.91;3.27;30;3;0.29;0.10;1.25;0.00;0;83
0.02;93;92;3.27;3.27;30;3;0.29;0.10;1.25;0.00;83;83
0.02;93;91;1.64;3.27;30;3;0.29;0.10;1.25;0.00;163;83
0.02;93;91;3.27;3.27;30;3;0.29;0.10;1.25;0.00;82;83
0.02;95;92;3.27;3.27;30;3;0.29;0.10;1.25;0.00;83;83
0.02;94;91;3.27;3.27;30;3;0.30;0.10;1.25;0.00;82;82
0.02;98;91;3.27;1.64;30;3;0.30;0.10;1.25;0.00;82;164
0.02;92;92;3.27;3.27;30;3;0.30;0.11;1.25;0.00;82;82
0.02;97;91;3.27;3.27;30;3;0.30;0.11;1.25;0.00;82;83
0.02;92;91;3.27;3.27;30;3;0.30;0.11;1.25;0.00;81;83
0.02;96;91;3.27;3.27;30;3;0.30;0.11;1.25;0.00;81;83
0.02;93;90;3.27;3.27;30;3;0.30;0.11;1.25;0.00;81;82
0.02;96;90;3.27;1.64;30;3;0.30;0.11;1.24;0.00;81;164
0.02;95;89;3.27;3.27;30;3;0.30;0.12;1.24;0.00;81;82
0.01;98;89;3.27;3.27;30;3;0.30;0.12;1.24;0.00;80;83
0.02;96;90;3.27;1.64;30;3;0.30;0.12;1.23;0.00;80;165
0.02;91;89;3.27;3.27;30;3;0.30;0.12;1.23;0.00;80;83
0.02;97;90;3.27;3.27;30;3;0.30;0.12;1.23;0.00;80;84
0.02;95;89;1.64;1.64;30;3;0.30;0.12;1.23;0.00;161;165
0.02;78;81;3.27;3.27;30;3;0.30;0.12;1.23;0.00;79;84
0.01;95;88;3.27;1.64;30;3;0.30;0.13;1.22;0.00;80;166
0.02;90;87;3.27;3.27;30;3;0.30;0.13;1.22;0.00;80;84
0.02;91;88;3.27;3.27;30;3;0.30;0.13;1.22;0.00;80;85
0.02;91;86;3.27;3.27;30;3;0.30;0.13;1.22;0.00;80;85
0.02;87;88;3.27;1.64;30;3;0.31;0.13;1.21;0.00;79;167
0.02;88;90;3.27;3.27;30;3;0.31;0.13;1.21;0.00;79;85
0.02;90;89;3.27;3.27;30;3;0.31;0.13;1.21;0.00;79;86
0.01;89;90;1.64;3.27;30;3;0.31;0.14;1.22;0.00;161;85
0.02;84;85;1.64;3.27;30;3;0.31;0.14;1.23;0.00;161;85
0.01;87;95;4.91;3.27;30;3;0.31;0.14;1.22;0.00;0;85
0.02;88;98;3.27;3.27;30;3;0.31;0.14;1.22;0.00;82;85
0.02;87;96;3.27;3.27;30;3;0.31;0.14;1.22;0.00;81;85
0.01;87;97;3.27;3.27;30;3;0.31;0.14;1.22;0.00;80;84
0.02;86;97;3.27;1.64;30;3;0.31;0.15;1.21;0.00;80;166
0.02;86;78;3.27;3.27;30;3;0.31;0.15;1.21;0.00;80;84
0.01;85;91;3.27;3.27;30;3;0.31;0.15;1.21;0.00;80;85
0.02;86;98;3.27;1.64;30;3;0.31;0.15;1.20;0.00;80;167
0.02;86;97;3.27;3.27;30;3;0.31;0.15;1.20;0.00;79;85
0.02;86;99;3.27;3.27;30;3;0.31;0.15;1.20;0.00;79;86
0.02;86;100;3.27;3.27;30;3;0.31;0.15;1.20;0.00;79;85
0.02;86;99;3.27;3.27;30;3;0.31;0.16;1.20;0.00;79;85
0.02;85;96;3.27;3.27;30;3;0.32;0.16;1.20;0.00;79;85
0.01;85;95;3.27;4.91;30;3;0.32;0.16;1.21;0.00;78;2
0.02;84;93;3.27;3.27;30;3;0.32;0.16;1.21;0.00;78;84
0.02;83;92;3.27;3.27;30;3;0.32;0.16;1.21;0.00;78;83
0.02;84;92;3.27;3.27;30;3;0.32;0.16;1.21;0.00;78;83
0.01;86;92;3.27;3.27;30;3;0.32;0.17;1.21;0.00;77;83
0.02;76;85;3.27;3.27;30;3;0.32;0.17;1.21;0.00;77;83
0.01;76;93;3.27;3.27;30;3;0.32;0.17;1.21;0.00;77;82
0.01;83;92;3.27;3.27;30;3;0.32;0.17;1.21;0.00;77;82
0.02;84;92;3.27;3.27;30;3;0.32;0.17;1.21;0.00;77;82
0.02;85;77;1.64;3.27;30;3;0.32;0.17;1.22;0.00;158;82
0.02;84;92;3.27;3.27;30;3;0.32;0.17;1.22;0.00;76;81
0.01;82;77;3.27;3.27;30;3;0.32;0.18;1.22;0.00;77;81
0.01;82;91;3.27;1.64;30;3;0.32;0.18;1.21;0.00;77;163
0.02;76;81;3.27;3.27;30;3;0.32;0.18;1.21;0.00;77;81
0.01;79;80;3.27;4.91;30;3;0.32;0.18;1.22;0.00;77;0
0.01;79;91;3.27;1.64;30;3;0.32;0.18;1.21;0.00;76;165
0.02;75;80;3.27;1.64;30;3;0.32;0.18;1.20;0.00;76;164
0.01;79;76;3.27;3.27;30;3;0.33;0.18;1.20;0.00;76;83
0.01;79;91;3.27;4.91;30;3;0.33;0.19;1.21;0.00;76;1
0.02;79;86;3.27;3.27;30;3;0.33;0.19;1.21;0.00;76;83
0.01;78;87;3.27;1.64;30;3;0.33;0.19;1.20;0.00;75;164
0.01;78;88;3.27;4.91;30;3;0.33;0.19;1.21;0.00;75;0
0.01;78;87;3.27;3.27;30;3;0.33;0.19;1.21;0.00;75;84
0.01;78;87;3.27;3.27;30;3;0.33;0.19;1.21;0.00;75;83
0.02;78;81;3.27;3.27;30;3;0.33;0.20;1.21;0.00;75;83
0.01;78;83;1.64;1.64;30;3;0.33;0.20;1.21;0.00;156;165
0.01;76;92;3.27;4.91;30;3;0.33;0.20;1.22;0.00;74;0
0.02;78;83;3.27;3.27;30;3;0.33;0.20;1.22;0.00;75;85
0.01;78;84;1.64;1.64;30;3;0.33;0.20;1.22;0.00;157;165
0.01;77;85;3.27;3.27;30;3;0.33;0.20;1.22;0.00;0;149
0.02;78;81;3.27;3.27;30;3;0.33;0.20;1.22;0.00;0;148
0.01;78;86;1.64;3.27;30;3;0.33;0.20;1.23;0.00;0;148
0.01;78;82;3.27;3.27;30;3;0.33;0.21;1.23;0.00;0;148
0.01;81;85;1.64;4.91;30;3;0.33;0.21;1.24;0.00;0;147
0.01;81;84;3.27;3.27;30;3;0.33;0.21;1.24;0.00;0;147
0.01;79;84;1.64;3.27;30;3;0.33;0.21;1.25;0.00;0;147
0.02;76;84;1.64;3.27;30;3;0.33;0.21;1.26;0.00;0;147
0.01;75;82;1.64;4.91;30;3;0.34;0.21;1.27;0.00;0;146
0.01;74;83;1.64;3.27;30;3;0.34;0.21;1.28;0.00;0;146
0.01;75;75;1.64;3.27;30;3;0.34;0.21;1.29;0.00;0;146
0.01;76;74;1.64;4.91;30;3;0.34;0.22;1.30;0.00;0;146
0.01;77;74;1.64;3.27;30;3;0.34;0.22;1.31;0.00;0;145
0.01;74;73;1.64;4.91;30;3;0.34;0.22;1.33;0.00;0;145
0.01;74;73;1.64;3.27;30;3;0.34;0.22;1.33;0.00;0;145
0.01;74;79;1.64;4.91;30;3;0.34;0.22;1.35;0.00;0;144
0.01;75;85;0.00;3.27;30;3;0.34;0.22;1.37;0.00;0;144
0.01;74;85;1.64;4.91;30;3;0.34;0.22;1.38;0.00;0;144
0.01;73;89;1.64;4.91;30;3;0.34;0.23;1.40;0.00;0;143
0.02;74;90;0.00;4.91;30;3;0.34;0.23;1.42;0.00;0;143
0.01;74;92;1.64;4.91;30;3;0.34;0.23;1.44;0.00;0;142
0.02;97;98;0.00;4.91;30;3;0.34;0.23;1.46;0.00;0;142
0.02;98;101;1.64;4.91;30;3;0.34;0.23;1.48;0.00;0;141
0.02;97;92;0.00;4.91;30;3;0.34;0.23;1.51;0.00;0;141
0.02;94;91;0.00;4.91;30;3;0.34;0.23;1.53;0.00;0;140
0.02;91;97;1.64;4.91;30;3;0.34;0.24;1.55;0.00;0;139
0.02;90;101;0.00;4.91;30;3;0.34;0.24;1.58;0.00;0;139
0.02;91;90;0.00;3.27;30;3;0.34;0.24;1.59;0.00;0;138
0.02;90;95;0.00;4.91;30;3;0.34;0.24;1.62;0.00;0;138
0.02;96;97;0.00;4.91;30;3;0.34;0.24;1.65;0.00;0;137
0.02;104;98;0.00;4.91;30;3;0.34;0.24;1.67;0.00;0;136
0.02;111;91;1.64;4.91;30;3;0.34;0.24;1.69;0.00;0;136
0.02;92;93;0.00;4.91;30;3;0.34;0.24;1.72;0.00;0;135
0.02;92;94;0.00;4.91;30;3;0.34;0.25;1.74;0.00;0;135
0.02;96;97;0.00;4.91;30;3;0.34;0.25;1.77;0.00;0;134
0.02;93;91;0.00;4.91;30;3;0.34;0.25;1.80;0.00;0;133
0.02;93;91;0.00;4.91;30;3;0.34;0.25;1.82;0.00;0;133
0.02;96;96;0.00;3.27;30;3;0.34;0.25;1.84;0.00;0;132
0.02;93;96;0.00;3.27;30;3;0.34;0.25;1.86;0.00;0;132
0.02;98;97;0.00;4.91;30;3;0.34;0.25;1.89;0.00;0;131
0.02;97;97;0.00;4.91;30;3;0.34;0.25;1.91;0.00;0;130
0.02;97;96;0.00;4.91;30;3;0.34;0.25;1.94;0.00;0;130
0.02;93;97;0.00;4.91;30;3;0.33;0.26;1.96;0.00;0;129
0.02;96;97;0.00;4.91;30;3;0.33;0.26;1.99;0.00;0;128
0.02;93;98;0.00;4.91;30;3;0.33;0.26;2.02;0.00;0;128
0.02;95;97;0.00;4.91;30;3;0.33;0.26;2.04;0.00;0;127
0.02;95;96;0.00;4.91;30;3;0.33;0.26;2.07;0.00;0;126
0.02;95;97;0.00;4.91;30;3;0.33;0.26;2.10;0.00;0;126
0.02;95;97;0.00;4.91;30;3;0.33;0.26;2.12;0.00;0;125
0.02;95;98;0.00;4.91;30;3;0.33;0.26;2.15;0.00;0;124
0.02;90;98;0.00;4.91;30;3;0.33;0.27;2.18;0.00;0;124
0.02;94;99;0.00;6.54;30;3;0.33;0.27;2.21;0.00;0;123
0.02;93;103;0.00;4.91;30;3;0.33;0.27;2.24;0.00;0;122
0.02;93;102;0.00;4.91;30;3;0.33;0.27;2.26;0.00;0;122
0.02;93;102;0.00;6.54;30;3;0.33;0.27;2.30;0.00;0;121
0.02;95;112;0.00;4.91;30;3;0.32;0.27;2.33;0.00;0;120
0.02;95;116;0.00;6.54;30;3;0.32;0.27;2.37;0.00;0;119
0.02;91;145;0.00;6.54;30;3;0.32;0.27;2.40;0.00;0;118
0.02;96;82;0.00;4.91;30;3;0.32;0.27;2.43;0.00;0;117
0.01;101;80;0.00;4.91;30;3;0.32;0.28;2.46;0.00;0;117
0.02;96;78;0.00;4.91;30;3;0.32;0.28;2.48;0.00;0;116
0.01;113;78;0.00;4.91;30;3;0.32;0.28;2.51;0.00;0;115
0.02;81;76;0.00;4.91;30;3;0.32;0.28;2.54;0.00;0;115
0.01;79;77;0.00;4.91;30;3;0.32;0.28;2.56;0.00;0;114
0.01;79;76;0.00;4.91;30;3;0.31;0.28;2.58;0.00;0;114
0.01;78;75;0.00;4.91;30;3;0.31;0.28;2.61;0.00;0;113
0.01;78;76;0.00;3.27;30;3;0.31;0.28;2.62;0.00;0;113
0.01;77;77;0.00;4.91;30;3;0.31;0.28;2.64;0.00;0;112
0.01;76;70;0.00;4.91;30;3;0.31;0.28;2.67;0.00;0;112
0.01;75;69;0.00;3.27;30;3;0.31;0.28;2.68;0.00;0;111
0.01;75;68;0.00;4.91;30;3;0.31;0.28;2.70;0.00;0;111
0.01;75;68;0.00;3.27;30;3;0.31;0.28;2.72;0.00;0;110
0.01;73;68;0.00;3.27;30;3;0.31;0.28;2.73;0.00;0;110
0.01;72;67;0.00;3.27;30;3;0.31;0.28;2.75;0.00;0;110
0.01;72;66;0.00;3.27;30;3;0.31;0.28;2.76;0.00;110;0
0.01;72;66;0.00;4.91;30;3;0.31;0.28;2.78;0.00;240;0
0.01;67;66;0.00;3.27;30;3;0.31;0.28;2.80;0.00;241;86
0.01;70;66;1.64;1.64;30;3;0.30;0.28;2.80;0.00;160;166
0.01;66;62;1.64;3.27;30;3;0.30;0.28;2.81;0.00;162;84
0.01;67;63;1.64;4.91;30;3;0.30;0.28;2.82;0.00;163;2
0.01;67;62;1.64;3.27;30;3;0.30;0.29;2.83;0.00;164;85
0.01;64;62;3.27;1.64;30;3;0.30;0.29;2.82;0.00;83;165
0.01;65;63;1.64;3.27;30;3;0.30;0.29;2.83;0.00;166;83
0.01;64;62;1.64;3.27;30;3;0.30;0.29;2.83;0.00;165;84
0.01;63;62;1.64;3.27;30;3;0.30;0.29;2.84;0.00;166;84
0.01;63;61;3.27;3.27;30;3;0.30;0.29;2.84;0.00;85;84
0.01;64;61;3.27;3.27;30;3;0.29;0.29;2.84;0.00;86;84
0.01;64;62;1.64;3.27;30;3;0.29;0.29;2.85;0.00;168;83
0.01;63;61;3.27;3.27;30;3;0.29;0.29;2.85;0.00;86;83
0.01;64;61;1.64;3.27;30;3;0.29;0.29;2.86;0.00;169;83
0.01;63;60;1.64;1.64;30;3;0.29;0.29;2.86;0.00;168;165
0.01;62;60;3.27;3.27;30;3;0.29;0.29;2.86;0.00;88;83
0.01;63;60;3.27;3.27;30;3;0.29;0.29;2.86;0.00;88;84
0.01;62;61;3.27;1.64;30;3;0.29;0.29;2.85;0.00;88;165
0.01;62;61;3.27;3.27;30;3;0.28;0.29;2.85;0.00;88;83
0.01;62;60;3.27;3.27;30;3;0.28;0.29;2.85;0.00;88;84
0.01;61;60;3.27;1.64;30;3;0.28;0.29;2.84;0.00;88;166
0.01;62;59;3.27;3.27;30;3;0.28;0.29;2.84;0.00;88;84
0.01;62;63;3.27;1.64;30;3;0.28;0.29;2.83;0.00;87;167
0.01;61;59;3.27;3.27;30;3;0.28;0.29;2.83;0.00;87;85
0.01;62;59;3.27;3.27;30;3;0.28;0.29;2.83;0.00;87;86
0.01;62;59;3.27;1.64;30;3;0.28;0.29;2.83;0.00;87;168
0.01;62;58;3.27;1.64;30;3;0.27;0.29;2.82;0.00;87;167
0.01;62;58;3.27;1.64;30;3;0.27;0.29;2.81;0.00;86;168
0.01;62;58;3.27;3.27;30;3;0.27;0.29;2.81;0.00;86;87
0.01;62;58;3.27;3.27;30;3;0.27;0.29;2.81;0.00;86;88
0.01;63;57;3.27;3.27;30;3;0.27;0.30;2.81;0.00;86;88
0.01;61;57;3.27;1.64;30;3;0.27;0.30;2.80;0.00;86;170
0.01;62;57;3.27;3.27;30;3;0.27;0.30;2.80;0.00;85;88
0.01;62;57;3.27;3.27;30;3;0.27;0.30;2.80;0.00;85;89
0.01;60;57;3.27;3.27;30;3;0.26;0.30;2.80;0.00;85;88
0.01;63;56;3.27;3.27;30;3;0.26;0.30;2.80;0.00;85;88
0.01;61;56;3.27;3.27;30;3;0.26;0.30;2.80;0.00;85;88
0.01;61;56;3.27;3.27;30;3;0.26;0.30;2.80;0.00;85;88
0.01;62;55;3.27;3.27;30;3;0.26;0.30;2.80;0.00;84;88
0.01;60;55;3.27;1.64;30;3;0.26;0.30;2.79;0.00;84;169
0.01;59;55;3.27;3.27;30;3;0.26;0.30;2.79;0.00;84;87
0.01;60;55;3.27;3.27;30;3;0.26;0.30;2.79;0.00;84;88
0.01;59;55;3.27;3.27;30;3;0.25;0.30;2.79;0.00;84;88
0.01;59;55;3.27;3.27;30;3;0.25;0.30;2.79;0.00;83;88
0.01;58;55;1.64;3.27;30;3;0.25;0.30;2.80;0.00;165;88
0.01;59;54;3.27;3.27;30;3;0.25;0.30;2.80;0.00;83;88
0.01;58;54;3.27;3.27;30;3;0.25;0.30;2.80;0.00;84;87
0.01;58;55;3.27;3.27;30;3;0.25;0.30;2.80;0.00;84;87
0.01;57;55;1.64;3.27;30;3;0.25;0.30;2.81;0.00;165;87
0.01;57;54;3.27;3.27;30;3;0.24;0.30;2.81;0.00;83;87
0.01;57;53;3.27;3.27;30;3;0.24;0.30;2.81;0.00;84;87
0.01;58;53;3.27;3.27;30;3;0.24;0.30;2.81;0.00;84;86
0.01;57;52;3.27;3.27;30;3;0.24;0.31;2.81;0.00;84;86
0.01;57;52;3.27;3.27;30;3;0.24;0.31;2.81;0.00;84;86
0.01;60;53;3.27;3.27;30;3;0.24;0.31;2.81;0.00;84;86
0.01;59;53;3.27;3.27;30;3;0.24;0.31;2.81;0.00;83;86
0.01;59;54;3.27;3.27;30;3;0.24;0.31;2.81;0.00;83;85
0.01;59;52;3.27;3.27;30;3;0.23;0.31;2.81;0.00;83;85
0.01;59;53;4.91;3.27;30;3;0.23;0.31;2.80;0.00;0;85
0.01;57;52;1.64;3.27;30;3;0.23;0.31;2.81;0.00;166;85
0.01;55;52;3.27;3.27;30;3;0.23;0.31;2.81;0.00;83;85
0.01;58;51;3.27;3.27;30;3;0.23;0.31;2.81;0.00;83;85
0.01;58;51;3.27;1.64;30;3;0.23;0.31;2.80;0.00;83;166
0.01;57;51;3.27;3.27;30;3;0.23;0.31;2.80;0.00;83;84
0.01;57;51;3.27;1.64;30;3;0.22;0.31;2.79;0.00;83;167
0.01;56;50;3.27;1.64;30;3;0.22;0.31;2.79;0.00;83;167
0.01;56;51;3.27;3.27;30;3;0.22;0.31;2.79;0.00;83;86
0.01;57;51;3.27;3.27;30;3;0.22;0.31;2.79;0.00;82;87
0.01;56;50;3.27;3.27;30;3;0.22;0.31;2.79;0.00;82;86
0.01;55;50;3.27;3.27;30;3;0.22;0.31;2.79;0.00;82;86
0.01;55;50;3.27;3.27;30;3;0.22;0.31;2.79;0.00;82;86
0.01;55;50;3.27;3.27;30;3;0.22;0.31;2.79;0.00;82;86
0.01;55;50;3.27;3.27;30;3;0.21;0.31;2.79;0.00;81;86
0.01;54;50;3.27;3.27;30;3;0.21;0.32;2.79;0.00;81;86
0.01;54;49;3.27;3.27;30;3;0.21;0.32;2.79;0.00;81;85
0.01;53;49;3.27;3.27;30;3;0.21;0.32;2.79;0.00;81;85
0.01;54;48;3.27;3.27;30;3;0.21;0.32;2.79;0.00;81;85
0.01;53;48;3.27;3.27;30;3;0.21;0.32;2.79;0.00;80;85
0.01;52;48;3.27;3.27;30;3;0.21;0.32;2.79;0.00;80;85
0.01;53;49;3.27;3.27;30;3;0.20;0.32;2.79;0.00;80;84
0.01;52;48;1.64;3.27;30;3;0.20;0.32;2.79;0.00;162;84
0.01;52;47;1.64;1.64;30;3;0.20;0.32;2.79;0.00;162;166
0.01;52;47;3.27;3.27;30;3;0.20;0.32;2.79;0.00;81;84
0.01;52;48;1.64;3.27;30;3;0.20;0.32;2.80;0.00;164;85
0.01;51;48;3.27;3.27;30;3;0.20;0.32;2.80;0.00;81;85
0.01;51;48;3.27;3.27;30;3;0.20;0.32;2.80;0.00;82;84
0.01;51;47;1.64;3.27;30;3;0.20;0.32;2.81;0.00;164;84
0.01;51;47;3.27;1.64;30;3;0.20;0.32;2.80;0.00;82;166
0.01;50;47;3.27;3.27;30;3;0.19;0.32;2.80;0.00;83;84
0.01;50;50;3.27;3.27;30;3;0.19;0.32;2.80;0.00;83;85
0.01;50;50;3.27;3.27;30;3;0.19;0.32;2.80;0.00;82;85
0.01;50;50;3.27;3.27;30;3;0.19;0.32;2.80;0.00;82;84
0.01;50;51;3.27;3.27;30;3;0.19;0.32;2.80;0.00;82;84
0.01;50;50;3.27;3.27;30;3;0.19;0.32;2.80;0.00;82;84
0.01;50;51;3.27;3.27;30;3;0.19;0.33;2.80;0.00;82;84
0.01;49;50;3.27;3.27;30;3;0.18;0.33;2.80;0.00;81;84
0.01;49;48;3.27;1.64;30;3;0.18;0.33;2.79;0.00;81;165
0.01;48;48;3.27;3.27;30;3;0.18;0.33;2.79;0.00;81;83
0.01;48;47;3.27;3.27;30;3;0.18;0.33;2.79;0.00;81;84
0.01;48;47;1.64;3.27;30;3;0.18;0.33;2.80;0.00;163;84
0.01;48;45;1.64;3.27;30;3;0.18;0.33;2.81;0.00;162;84
0.01;49;44;3.27;1.64;30;3;0.18;0.33;2.80;0.00;81;166
0.01;48;44;3.27;1.64;30;3;0.18;0.33;2.79;0.00;82;165
0.01;48;45;3.27;3.27;30;3;0.17;0.33;2.79;0.00;82;84
0.01;48;44;3.27;3.27;30;3;0.17;0.33;2.79;0.00;82;85
0.01;48;44;3.27;3.27;30;3;0.17;0.33;2.79;0.00;82;85
0.01;49;44;3.27;3.27;30;3;0.17;0.33;2.79;0.00;82;85
0.01;48;44;3.27;3.27;30;3;0.17;0.33;2.79;0.00;81;85
0.01;48;45;3.27;3.27;30;3;0.17;0.33;2.79;0.00;81;85
0.01;47;44;3.27;1.64;30;3;0.17;0.33;2.79;0.00;81;167
0.01;48;44;3.27;3.27;30;3;0.17;0.33;2.79;0.00;81;84
0.01;47;45;1.64;3.27;30;3;0.16;0.33;2.79;0.00;163;85
0.01;47;48;3.27;3.27;30;3;0.16;0.33;2.79;0.00;80;85
0.01;47;44;3.27;1.64;30;3;0.16;0.33;2.79;0.00;81;167
0.01;46;44;1.64;3.27;30;3;0.16;0.33;2.79;0.00;163;85
0.01;46;42;3.27;3.27;30;3;0.16;0.33;2.79;0.00;81;86
0.01;46;42;3.27;3.27;30;3;0.16;0.34;2.79;0.00;82;85
0.01;46;42;3.27;1.64;30;3;0.16;0.34;2.79;0.00;82;167
0.01;46;42;3.27;3.27;30;3;0.16;0.34;2.79;0.00;82;85
0.01;47;41;3.27;3.27;30;3;0.15;0.34;2.79;0.00;81;86
0.01;48;41;3.27;1.64;30;3;0.15;0.34;2.78;0.00;81;168
0.01;60;41;3.27;3.27;30;3;0.15;0.34;2.78;0.00;81;85
0.01;50;41;3.27;3.27;30;3;0.15;0.34;2.78;0.00;81;86
0.01;50;41;3.27;3.27;30;3;0.15;0.34;2.78;0.00;81;86
0.01;48;40;3.27;1.64;30;3;0.15;0.34;2.77;0.00;80;168
0.01;46;40;1.64;3.27;30;3;0.15;0.34;2.78;0.00;162;86
0.01;46;41;1.64;3.27;30;3;0.15;0.34;2.79;0.00;162;87
0.01;46;40;3.27;3.27;30;3;0.14;0.34;2.79;0.00;81;87
0.01;45;39;3.27;3.27;30;3;0.14;0.34;2.79;0.00;82;86
0.01;45;39;3.27;3.27;30;3;0.14;0.34;2.79;0.00;82;86
0.01;46;39;3.27;1.64;30;3;0.14;0.34;2.78;0.00;82;168
0.01;45;39;3.27;3.27;30;3;0.14;0.34;2.78;0.00;81;86
0.01;45;39;3.27;3.27;30;3;0.14;0.34;2.78;0.00;81;87
0.01;45;39;3.27;3.27;30;3;0.14;0.34;2.78;0.00;81;87
0.01;48;40;3.27;3.27;30;3;0.14;0.34;2.78;0.00;81;86
0.01;48;39;3.27;3.27;30;3;0.13;0.34;2.78;0.00;81;86
0.01;44;40;3.27;3.27;30;3;0.13;0.34;2.78;0.00;80;86
0.01;43;40;3.27;3.27;30;3;0.13;0.35;2.78;0.00;80;86
0.01;43;40;3.27;3.27;30;3;0.13;0.35;2.78;0.00;80;86
0.01;44;39;1.64;3.27;30;3;0.13;0.35;2.79;0.00;162;85
0.01;43;39;1.64;3.27;30;3;0.13;0.35;2.79;0.00;162;85
0.01;43;40;4.91;3.27;30;3;0.13;0.35;2.79;0.00;0;85
0.01;43;39;3.27;3.27;30;3;0.12;0.35;2.79;0.00;83;85
0.01;43;38;1.64;1.64;30;3;0.12;0.35;2.79;0.00;164;167
0.01;42;37;3.27;4.91;30;3;0.12;0.35;2.80;0.00;81;2
0.01;42;37;3.27;3.27;30;3;0.12;0.35;2.80;0.00;82;85
0.01;42;38;3.27;1.64;30;3;0.12;0.35;2.79;0.00;82;166
0.01;42;38;3.27;3.27;30;3;0.12;0.35;2.79;0.00;82;84
0.01;42;38;3.27;3.27;30;3;0.12;0.35;2.79;0.00;82;85
0.01;41;37;3.27;3.27;30;3;0.12;0.35;2.79;0.00;82;84
0.01;41;36;3.27;3.27;30;3;0.11;0.35;2.79;0.00;81;84
0.01;41;37;4.91;3.27;30;3;0.11;0.35;2.78;0.00;0;84
0.01;41;36;3.27;3.27;30;3;0.11;0.35;2.78;0.00;82;84
0.01;41;35;3.27;3.27;30;3;0.11;0.35;2.78;0.00;81;84
0.01;41;35;3.27;3.27;30;3;0.11;0.35;2.78;0.00;81;84
0.01;41;36;3.27;3.27;30;3;0.11;0.35;2.78;0.00;81;83
0.01;41;35;3.27;1.64;30;3;0.11;0.35;2.77;0.00;80;165
0.01;40;34;3.27;3.27;30;3;0.10;0.36;2.77;0.00;80;83
0.01;39;35;3.27;3.27;30;3;0.10;0.36;2.77;0.00;80;84
0.01;39;35;3.27;3.27;30;3;0.10;0.36;2.77;0.00;80;84
0.01;39;35;1.64;1.64;30;3;0.10;0.36;2.77;0.00;162;166
0.01;39;34;3.27;3.27;30;3;0.10;0.36;2.77;0.00;80;83
0.01;39;34;3.27;3.27;30;3;0.10;0.36;2.77;0.00;80;84
0.01;39;35;3.27;3.27;30;3;0.10;0.36;2.77;0.00;80;84
0.01;39;34;3.27;3.27;30;3;0.10;0.36;2.77;0.00;80;84
0.01;39;33;3.27;3.27;30;3;0.09;0.36;2.77;0.00;80;84
0.01;40;33;3.27;3.27;30;3;0.09;0.36;2.77;0.00;80;84
0.01;39;34;3.27;3.27;30;3;0.09;0.36;2.77;0.00;80;83
0.01;39;33;3.27;3.27;30;3;0.09;0.36;2.77;0.00;79;83
0.01;39;33;3.27;3.27;30;3;0.09;0.36;2.77;0.00;79;83
0.01;39;34;3.27;3.27;30;3;0.09;0.36;2.77;0.00;79;83
0.01;38;33;3.27;1.64;30;3;0.09;0.36;2.77;0.00;79;165
0.01;38;33;3.27;3.27;30;3;0.08;0.36;2.77;0.00;79;82
0.01;37;33;1.64;1.64;30;3;0.08;0.36;2.77;0.00;160;166
0.01;37;32;3.27;3.27;30;3;0.08;0.36;2.77;0.00;78;83
0.01;37;33;3.27;3.27;30;3;0.08;0.36;2.77;0.00;79;84
0.01;37;32;3.27;3.27;30;3;0.08;0.36;2.77;0.00;79;84
0.01;36;32;3.27;1.64;30;3;0.08;0.37;2.76;0.00;79;166
0.01;37;31;3.27;3.27;30;3;0.08;0.37;2.76;0.00;79;84
0.01;37;32;3.27;3.27;30;3;0.08;0.37;2.76;0.00;78;85
0.01;36;32;3.27;3.27;30;3;0.08;0.37;2.76;0.00;78;84
0.01;36;32;3.27;1.64;30;3;0.07;0.37;2.75;0.00;78;166
0.01;36;31;1.64;1.64;30;3;0.07;0.37;2.75;0.00;160;166
0.01;35;30;1.64;3.27;30;3;0.07;0.37;2.76;0.00;160;85
0.01;35;31;3.27;3.27;30;3;0.07;0.37;2.76;0.00;79;86
0.01;35;31;3.27;3.27;30;3;0.07;0.37;2.76;0.00;79;86
0.01;35;30;1.64;3.27;30;3;0.07;0.37;2.76;0.00;161;86
0.01;34;30;3.27;3.27;30;3;0.07;0.37;2.76;0.00;79;85
0.01;34;30;3.27;3.27;30;3;0.07;0.37;2.76;0.00;80;85
0.01;34;30;3.27;3.27;30;3;0.06;0.37;2.76;0.00;80;85
0.01;34;30;3.27;3.27;30;3;0.06;0.37;2.76;0.00;80;85
0.01;35;30;3.27;3.27;30;3;0.06;0.37;2.76;0.00;79;85
0.01;39;30;3.27;3.27;30;3;0.06;0.37;2.76;0.00;79;85
0.01;38;29;3.27;3.27;30;3;0.06;0.37;2.76;0.00;79;84
0.01;38;30;3.27;3.27;30;3;0.06;0.37;2.76;0.00;79;84
0.01;35;30;3.27;3.27;30;3;0.06;0.37;2.76;0.00;79;84
0.01;33;29;3.27;3.27;30;3;0.05;0.37;2.76;0.00;78;84
0.01;33;30;3.27;3.27;30;3;0.05;0.38;2.76;0.00;78;84
0.01;33;30;3.27;3.27;30;3;0.05;0.38;2.76;0.00;78;83
0.01;32;29;3.27;1.64;30;3;0.05;0.38;2.76;0.00;78;165
0.01;32;28;3.27;3.27;30;3;0.05;0.38;2.76;0.00;78;83
0.01;32;29;3.27;3.27;30;3;0.05;0.38;2.76;0.00;78;84
0.01;32;28;3.27;3.27;30;3;0.05;0.38;2.76;0.00;77;84
0.01;32;28;3.27;1.64;30;3;0.05;0.38;2.75;0.00;77;166
0.01;32;27;3.27;1.64;30;3;0.05;0.38;2.74;0.00;77;165
0.01;33;28;1.64;3.27;30;3;0.04;0.38;2.75;0.00;159;84
0.01;33;28;3.27;3.27;30;3;0.04;0.38;2.75;0.00;77;85
0.01;35;27;3.27;3.27;30;3;0.04;0.38;2.75;0.00;78;85
0.01;34;28;3.27;1.64;30;3;0.04;0.38;2.74;0.00;77;167
0.01;34;28;3.27;3.27;30;3;0.04;0.38;2.74;0.00;77;85
0.01;32;28;3.27;3.27;30;3;0.04;0.38;2.74;0.00;77;86
0.01;32;27;3.27;3.27;30;3;0.04;0.38;2.74;0.00;77;85
0.01;31;27;3.27;1.64;30;3;0.04;0.38;2.74;0.00;77;167
0.01;31;27;1.64;3.27;30;3;0.03;0.38;2.74;0.00;159;85
0.01;30;26;3.27;3.27;30;3;0.03;0.38;2.74;0.00;76;86
0.01;30;26;3.27;1.64;30;3;0.03;0.38;2.74;0.00;77;168
0.01;30;26;3.27;1.64;30;3;0.03;0.38;2.73;0.00;77;168
0.01;30;27;3.27;3.27;30;3;0.03;0.39;2.73;0.00;77;87
0.01;31;29;3.27;3.27;30;3;0.03;0.39;2.73;0.00;77;87
0.01;31;31;3.27;3.27;30;3;0.03;0.39;2.73;0.00;76;87
0.01;32;31;3.27;3.27;30;3;0.03;0.39;2.73;0.00;76;87
0.01;33;31;3.27;3.27;30;3;0.02;0.39;2.73;0.00;76;87
0.01;35;25;3.27;3.27;30;3;0.02;0.39;2.73;0.00;76;87
0.01;36;25;1.64;3.27;30;3;0.02;0.39;2.74;0.00;158;87
0.01;70;24;4.91;3.27;30;3;0.02;0.39;2.73;0.00;0;86
0.01;31;24;4.91;3.27;30;3;0.02;0.39;2.73;0.00;0;86
0.01;30;24;4.91;4.91;30;3;0.02;0.39;2.73;0.00;0;3
0.01;29;25;3.27;3.27;30;3;0.02;0.39;2.73;0.00;78;86
0.01;29;25;1.64;3.27;30;3;0.02;0.39;2.73;0.00;159;85
0.01;28;26;3.27;3.27;30;3;0.01;0.39;2.73;0.00;76;84
0.01;28;27;3.27;1.64;30;3;0.01;0.39;2.73;0.00;77;166
0.01;29;29;3.27;3.27;30;3;0.01;0.39;2.73;0.00;77;84
0.01;30;24;1.64;3.27;30;3;0.01;0.39;2.73;0.00;159;85
0.01;31;23;3.27;3.27;30;3;0.01;0.39;2.73;0.00;77;85
0.01;33;23;3.27;3.27;30;3;0.01;0.39;2.73;0.00;77;85
0.01;33;22;3.27;3.27;30;3;0.01;0.40;2.73;0.00;77;84
0.01;31;22;3.27;3.27;30;3;0.01;0.40;2.73;0.00;77;84
0.01;30;22;3.27;3.27;30;3;0.00;0.40;2.73;0.00;77;84
0.01;29;23;3.27;3.27;30;3;0.00;0.40;2.73;0.00;77;84
0.01;29;23;3.27;3.27;30;3;0.00;0.40;2.73;0.00;77;84
0.01;28;23;3.27;1.64;30;3;0.00;0.40;2.73;0.00;76;165
0.01;28;22;3.27;3.27;30;3;-0.00;0.40;2.73;0.00;76;83
0.01;28;22;3.27;3.27;30;3;-0.00;0.40;2.73;0.00;0;150
0.01;28;22;3.27;3.27;30;3;-0.00;0.40;2.73;0.00;0;149
0.01;30;21;3.27;4.91;30;3;-0.01;0.40;2.73;0.00;0;149
0.01;65;21;3.27;3.27;30;3;-0.01;0.40;2.73;0.00;0;149
0.01;67;20;1.64;3.27;30;3;-0.01;0.40;2.74;0.00;0;149
0.01;66;21;3.27;3.27;30;3;-0.01;0.40;2.74;0.00;0;149
0.01;65;20;1.64;3.27;30;3;-0.01;0.40;2.75;0.00;0;149
0.01;65;19;3.27;3.27;30;3;-0.01;0.40;2.75;0.00;0;149
0.01;64;19;1.64;4.91;30;3;-0.01;0.40;2.76;0.00;0;148
0.01;65;19;3.27;3.27;30;3;-0.01;0.40;2.76;0.00;0;148
0.01;66;19;1.64;4.91;30;3;-0.02;0.40;2.78;0.00;0;148
0.01;65;18;3.27;3.27;30;3;-0.02;0.41;2.78;0.00;0;148
0.01;30;18;1.64;4.91;30;3;-0.02;0.41;2.79;0.00;0;148
0.01;27;18;1.64;3.27;30;3;-0.02;0.41;2.80;0.00;0;147
0.01;25;18;1.64;4.91;30;3;-0.02;0.41;2.82;0.00;0;147
0.01;23;18;1.64;3.27;30;3;-0.02;0.41;2.82;0.00;0;147
0.01;23;17;1.64;4.91;30;3;-0.02;0.41;2.84;0.00;0;147
0.01;22;18;1.64;4.91;30;3;-0.02;0.41;2.85;0.00;0;146
0.01;22;16;1.64;4.91;30;3;-0.03;0.41;2.87;0.00;0;146
0.01;21;17;1.64;3.27;30;3;-0.03;0.41;2.88;0.00;0;146
0.01;21;16;1.64;3.27;30;3;-0.03;0.41;2.88;0.00;0;145
0.01;20;16;1.64;4.91;30;3;-0.03;0.41;2.90;0.00;0;145
0.01;20;15;1.64;4.91;30;3;-0.03;0.41;2.91;0.00;0;145
0.01;18;16;0.00;4.91;30;3;-0.03;0.41;2.94;0.00;0;144
0.01;18;15;1.64;4.91;30;3;-0.03;0.41;2.95;0.00;0;144
0.01;17;16;1.64;4.91;30;3;-0.04;0.41;2.97;0.00;0;143
0.01;17;16;0.00;4.91;30;3;-0.04;0.41;2.99;0.00;0;143
0.01;17;15;0.00;4.91;30;3;-0.04;0.41;3.01;0.00;0;142
0.01;19;15;1.64;4.91;30;3;-0.04;0.41;3.03;0.00;0;142
0.01;19;16;0.00;4.91;30;3;-0.04;0.41;3.05;0.00;0;141
0.01;15;15;0.00;4.91;30;3;-0.04;0.41;3.07;0.00;0;141
0.01;15;15;0.00;4.91;30;3;-0.04;0.41;3.09;0.00;0;140
0.01;15;15;0.00;4.91;30;3;-0.04;0.41;3.11;0.00;0;140
0.01;15;15;0.00;4.91;30;3;-0.04;0.41;3.14;0.00;0;139
0.01;15;15;1.64;4.91;30;3;-0.05;0.41;3.15;0.00;0;139
0.01;15;15;0.00;4.91;30;3;-0.05;0.41;3.17;0.00;0;138
0.01;15;15;0.00;4.91;30;3;-0.05;0.41;3.19;0.00;0;138
0.01;15;16;0.00;4.91;30;3;-0.05;0.41;3.22;0.00;0;137
0.01;16;17;0.00;4.91;30;3;-0.05;0.41;3.24;0.00;0;136
0.01;16;17;0.00;4.91;30;3;-0.05;0.41;3.26;0.00;0;136
0.01;15;18;0.00;3.27;30;3;-0.05;0.41;3.28;0.00;0;136
0.01;36;19;0.00;4.91;30;3;-0.05;0.41;3.30;0.00;0;135
0.01;178;21;0.00;6.54;30;3;-0.06;0.41;3.33;0.00;0;134
0.02;109;171;0.00;6.54;30;3;-0.06;0.41;3.37;0.00;0;133
0.02;140;69;0.00;6.54;30;3;-0.06;0.41;3.41;0.00;0;132
0.02;128;66;0.00;4.91;30;3;-0.06;0.41;3.44;0.00;0;131
0.02;133;65;0.00;4.91;30;3;-0.06;0.41;3.47;0.00;0;131
0.02;126;65;0.00;4.91;30;3;-0.06;0.41;3.50;0.00;0;130
0.02;130;64;0.00;4.91;30;3;-0.06;0.41;3.52;0.00;0;129
0.02;71;63;0.00;3.27;30;3;-0.07;0.41;3.54;0.00;0;129
0.01;70;63;0.00;3.27;30;3;-0.07;0.41;3.55;0.00;0;129
0.01;68;62;0.00;3.27;30;3;-0.07;0.41;3.57;0.00;0;128
0.01;67;62;0.00;4.91;30;3;-0.07;0.41;3.59;0.00;0;128
0.01;67;62;0.00;3.27;30;3;-0.07;0.41;3.60;0.00;0;127
0.01;66;62;0.00;4.91;30;3;-0.07;0.41;3.62;0.00;0;127
0.01;66;62;0.00;3.27;30;3;-0.07;0.40;3.64;0.00;0;127
0.01;65;62;0.00;4.91;30;3;-0.07;0.40;3.66;0.00;0;126
0.01;65;62;0.00;4.91;30;3;-0.07;0.40;3.68;0.00;0;125
0.01;64;61;0.00;4.91;30;3;-0.07;0.40;3.70;0.00;0;125
0.01;64;62;0.00;3.27;30;3;-0.07;0.40;3.72;0.00;0;124
0.01;64;61;0.00;4.91;30;3;-0.07;0.40;3.74;0.00;0;124
0.01;63;61;0.00;4.91;30;3;-0.07;0.40;3.76;0.00;0;123
0.01;63;61;0.00;4.91;30;3;-0.08;0.40;3.79;0.00;0;123
0.01;62;61;0.00;4.91;30;3;-0.08;0.40;3.81;0.00;0;122
0.01;61;61;0.00;3.27;30;3;-0.08;0.40;3.82;0.00;0;122
0.01;61;61;0.00;4.91;30;3;-0.08;0.40;3.85;0.00;0;121
0.01;60;62;0.00;4.91;30;3;-0.08;0.40;3.87;0.00;0;121
0.01;60;61;0.00;4.91;30;3;-0.08;0.40;3.89;0.00;0;120
0.01;60;61;0.00;4.91;30;3;-0.08;0.40;3.91;0.00;0;120
0.01;59;61;0.00;4.91;30;3;-0.08;0.40;3.94;0.00;0;119
0.01;59;62;0.00;3.27;30;3;-0.08;0.40;3.95;0.00;0;119
0.01;59;61;0.00;4.91;30;3;-0.08;0.39;3.97;0.00;0;118
0.01;58;61;0.00;4.91;30;3;-0.08;0.39;4.00;0.00;0;118
0.01;59;63;0.00;4.91;30;3;-0.08;0.39;4.02;0.00;0;117
0.01;59;62;0.00;3.27;30;3;-0.08;0.39;4.03;0.00;0;117
0.01;59;63;0.00;4.91;30;3;-0.09;0.39;4.06;0.00;0;116
0.01;58;63;0.00;4.91;30;3;-0.09;0.39;4.08;0.00;0;116
0.01;58;64;0.00;4.91;30;3;-0.09;0.39;4.10;0.00;0;115
0.01;59;64;0.00;3.27;30;3;-0.09;0.39;4.12;0.00;0;115
0.01;59;77;0.00;4.91;30;3;-0.09;0.39;4.14;0.00;0;114
0.01;59;77;0.00;4.91;30;3;-0.09;0.39;4.16;0.00;0;113
0.01;98;102;0.00;4.91;30;3;-0.09;0.39;4.18;0.00;0;113
0.02;98;99;0.00;4.91;30;3;-0.09;0.38;4.21;0.00;0;112
0.02;99;100;0.00;4.91;30;3;-0.09;0.38;4.24;0.00;0;112
0.02;99;104;0.00;4.91;30;3;-0.09;0.38;4.27;0.00;0;111
0.02;97;99;0.00;4.91;30;3;-0.09;0.38;4.29;0.00;0;110
0.02;97;101;0.00;4.91;30;3;-0.09;0.38;4.32;0.00;110;0
0.02;104;100;0.00;3.27;30;3;-0.09;0.38;4.34;0.00;240;84
0.02;98;103;0.00;3.27;30;3;-0.09;0.38;4.36;0.00;241;84
0.02;101;101;3.27;4.91;30;3;-0.09;0.38;4.37;0.00;79;1
0.02;132;107;1.64;4.91;30;3;-0.09;0.37;4.38;0.00;163;0
0.02;98;109;1.64;3.27;30;3;-0.09;0.37;4.40;0.00;163;83
0.02;128;105;1.64;4.91;30;3;-0.09;0.37;4.41;0.00;164;0
0.02;121;104;3.27;3.27;30;3;-0.10;0.37;4.41;0.00;84;83
0.02;109;109;1.64;3.27;30;3;-0.10;0.37;4.42;0.00;166;81
0.02;108;104;3.27;3.27;30;3;-0.10;0.37;4.42;0.00;85;81
0.02;121;122;3.27;3.27;30;3;-0.10;0.36;4.42;0.00;85;81
0.02;121;97;3.27;3.27;30;3;-0.10;0.36;4.42;0.00;85;81
0.02;122;103;3.27;3.27;30;3;-0.10;0.36;4.42;0.00;85;80
0.02;121;108;3.27;1.64;30;3;-0.10;0.36;4.41;0.00;85;162
0.02;121;111;3.27;3.27;30;3;-0.10;0.36;4.41;0.00;84;81
0.02;125;103;3.27;3.27;30;3;-0.10;0.35;4.41;0.00;84;81
0.02;120;101;3.27;3.27;30;3;-0.10;0.35;4.41;0.00;84;81
0.02;119;102;3.27;3.27;30;3;-0.10;0.35;4.41;0.00;84;81
0.02;121;107;3.27;3.27;30;3;-0.10;0.35;4.41;0.00;83;80
0.02;118;109;3.27;1.64;30;3;-0.10;0.35;4.40;0.00;83;162
0.02;125;100;3.27;3.27;30;3;-0.10;0.35;4.40;0.00;83;81
0.02;120;101;3.27;3.27;30;3;-0.10;0.34;4.40;0.00;83;81
0.02;118;105;3.27;1.64;30;3;-0.10;0.34;4.39;0.00;82;163
0.02;119;119;3.27;3.27;30;3;-0.10;0.34;4.39;0.00;82;81
0.02;124;100;3.27;3.27;30;3;-0.10;0.34;4.39;0.00;82;82
0.02;118;100;3.27;1.64;30;3;-0.11;0.34;4.38;0.00;82;163
0.02;118;100;3.27;3.27;30;3;-0.11;0.33;4.38;0.00;81;82
0.02;118;100;3.27;1.64;30;3;-0.11;0.33;4.37;0.00;81;164
0.02;97;106;3.27;3.27;30;3;-0.11;0.33;4.37;0.00;81;83
0.02;102;98;3.27;1.64;30;3;-0.11;0.33;4.36;0.00;81;166
0.02;97;105;3.27;3.27;30;3;-0.11;0.33;4.36;0.00;80;84
0.02;98;98;1.64;3.27;30;3;-0.11;0.33;4.37;0.00;162;85
0.02;97;119;3.27;1.64;30;3;-0.11;0.33;4.36;0.00;80;166
0.02;101;104;3.27;3.27;30;3;-0.11;0.32;4.36;0.00;81;85
0.02;115;105;3.27;3.27;30;3;-0.11;0.32;4.36;0.00;81;85
0.02;117;104;3.27;3.27;30;3;-0.11;0.32;4.36;0.00;81;85
0.02;100;102;3.27;1.64;30;3;-0.11;0.32;4.35;0.00;80;167
0.02;116;97;3.27;3.27;30;3;-0.11;0.32;4.35;0.00;80;85
0.02;114;96;3.27;3.27;30;3;-0.11;0.32;4.35;0.00;80;86
0.02;117;98;3.27;3.27;30;3;-0.11;0.31;4.35;0.00;80;86
0.02;116;101;3.27;3.27;30;3;-0.11;0.31;4.35;0.00;79;85
0.02;95;95;3.27;1.64;30;3;-0.11;0.31;4.35;0.00;79;167
0.02;87;94;3.27;1.64;30;3;-0.12;0.31;4.34;0.00;79;167
0.02;123;94;3.27;3.27;30;3;-0.12;0.31;4.34;0.00;79;86
0.02;124;95;3.27;4.91;30;3;-0.12;0.31;4.35;0.00;78;5
0.02;115;101;4.91;3.27;30;3;-0.12;0.30;4.34;0.00;0;86
0.02;114;101;3.27;1.64;30;3;-0.12;0.30;4.33;0.00;79;167
0.02;115;102;3.27;4.91;30;3;-0.12;0.30;4.34;0.00;78;3
0.02;115;99;3.27;3.27;30;3;-0.12;0.30;4.34;0.00;78;86
0.02;101;93;3.27;3.27;30;3;-0.12;0.30;4.34;0.00;77;84
0.02;118;99;3.27;3.27;30;3;-0.12;0.29;4.34;0.00;77;84
0.02;102;100;3.27;3.27;30;3;-0.12;0.29;4.34;0.00;77;84
0.02;113;92;3.27;1.64;30;3;-0.12;0.29;4.33;0.00;77;165
0.02;99;90;3.27;1.64;30;3;-0.12;0.29;4.32;0.00;76;166
0.02;87;90;1.64;3.27;30;3;-0.12;0.29;4.33;0.00;158;85
0.02;121;92;3.27;4.91;30;3;-0.12;0.29;4.34;0.00;76;3
0.02;112;113;3.27;3.27;30;3;-0.13;0.29;4.34;0.00;77;85
0.02;114;93;3.27;3.27;30;3;-0.13;0.28;4.34;0.00;77;84
0.02;110;92;3.27;3.27;30;3;-0.13;0.28;4.34;0.00;77;84
0.02;111;93;4.91;3.27;30;3;-0.13;0.28;4.33;0.00;0;84
0.02;112;91;3.27;3.27;30;3;-0.13;0.28;4.33;0.00;77;83
0.02;102;92;1.64;3.27;30;3;-0.13;0.28;4.34;0.00;158;83
0.02;98;90;3.27;3.27;30;3;-0.13;0.27;4.34;0.00;76;83
0.02;95;90;3.27;3.27;30;3;-0.13;0.27;4.34;0.00;77;83
0.02;98;89;3.27;3.27;30;3;-0.13;0.27;4.34;0.00;77;82
0.02;94;89;1.64;3.27;30;3;-0.13;0.27;4.35;0.00;158;82
0.02;94;90;3.27;1.64;30;3;-0.13;0.27;4.34;0.00;77;164
0.02;93;89;3.27;1.64;30;3;-0.13;0.27;4.33;0.00;78;164
0.01;93;89;3.27;3.27;30;3;-0.13;0.27;4.33;0.00;77;83
0.02;98;89;3.27;3.27;30;3;-0.13;0.26;4.33;0.00;77;84
0.02;99;87;3.27;1.64;30;3;-0.13;0.26;4.32;0.00;77;166
0.02;92;88;3.27;4.91;30;3;-0.13;0.26;4.33;0.00;77;1
0.02;119;88;3.27;3.27;30;3;-0.14;0.26;4.33;0.00;77;84
0.02;104;87;4.91;3.27;30;3;-0.14;0.26;4.32;0.00;0;83
0.02;102;87;3.27;3.27;30;3;-0.14;0.26;4.32;0.00;77;83
0.02;86;87;1.64;3.27;30;3;-0.14;0.25;4.33;0.00;158;83
0.01;83;85;3.27;3.27;30;3;-0.14;0.25;4.33;0.00;76;82
0.02;91;85;4.91;3.27;30;3;-0.14;0.25;4.32;0.00;0;82
0.02;91;87;3.27;3.27;30;3;-0.14;0.25;4.32;0.00;78;82
0.02;95;86;3.27;3.27;30;3;-0.14;0.25;4.32;0.00;77;82
0.02;94;85;1.64;3.27;30;3;-0.14;0.25;4.33;0.00;158;82
0.01;81;85;1.64;1.64;30;3;-0.14;0.25;4.33;0.00;158;163
0.02;90;86;3.27;3.27;30;3;-0.14;0.24;4.33;0.00;78;81
0.02;105;85;3.27;3.27;30;3;-0.14;0.24;4.33;0.00;78;82
0.02;92;85;3.27;1.64;30;3;-0.14;0.24;4.32;0.00;78;164
0.02;77;83;3.27;3.27;30;3;-0.14;0.24;4.32;0.00;78;82
0.01;92;84;3.27;3.27;30;3;-0.14;0.24;4.32;0.00;78;83
0.02;88;84;3.27;1.64;30;3;-0.14;0.24;4.31;0.00;78;164
0.02;81;84;3.27;1.64;30;3;-0.14;0.24;4.30;0.00;77;164
0.01;98;84;3.27;3.27;30;3;-0.15;0.24;4.30;0.00;77;84
0.02;88;82;3.27;3.27;30;3;-0.15;0.23;4.30;0.00;77;85
0.01;86;82;3.27;3.27;30;3;-0.15;0.23;4.30;0.00;77;84
0.01;86;82;3.27;3.27;30;3;-0.15;0.23;4.30;0.00;76;84
0.01;81;82;3.27;3.27;30;3;-0.15;0.23;4.30;0.00;76;84
0.01;86;82;3.27;3.27;30;3;-0.15;0.23;4.30;0.00;76;84
0.01;87;81;3.27;3.27;30;3;-0.15;0.23;4.30;0.00;76;84
0.02;88;82;1.64;3.27;30;3;-0.15;0.22;4.31;0.00;157;83
0.01;82;81;3.27;3.27;30;3;-0.15;0.22;4.31;0.00;76;83
0.01;85;80;3.27;3.27;30;3;-0.15;0.22;4.31;0.00;77;83
0.02;85;81;3.27;3.27;30;3;-0.15;0.22;4.31;0.00;76;83
0.01;80;80;3.27;3.27;30;3;-0.15;0.22;4.31;0.00;76;82
0.02;79;80;1.64;1.64;30;3;-0.15;0.22;4.31;0.00;158;164
0.01;85;79;3.27;1.64;30;3;-0.15;0.22;4.30;0.00;76;164
0.01;78;81;3.27;3.27;30;3;-0.15;0.22;4.30;0.00;77;83
0.02;86;79;3.27;3.27;30;3;-0.15;0.21;4.30;0.00;77;84
0.01;79;79;3.27;3.27;30;3;-0.16;0.21;4.30;0.00;76;84
0.01;78;79;3.27;3.27;30;3;-0.16;0.21;4.30;0.00;76;84
0.01;77;79;1.64;3.27;30;3;-0.16;0.21;4.31;0.00;158;84
0.01;74;80;3.27;1.64;30;3;-0.16;0.21;4.30;0.00;76;165
0.01;81;77;3.27;3.27;30;3;-0.16;0.21;4.30;0.00;77;83
0.01;82;78;3.27;3.27;30;3;-0.16;0.21;4.30;0.00;77;84
0.01;79;79;3.27;1.64;30;3;-0.16;0.21;4.30;0.00;76;166
0.01;74;78;3.27;3.27;30;3;-0.16;0.20;4.30;0.00;76;84
0.01;82;78;1.64;3.27;30;3;-0.16;0.20;4.30;0.00;158;85
0.01;75;77;1.64;3.27;30;3;-0.16;0.20;4.31;0.00;158;84
0.01;82;77;3.27;3.27;30;3;-0.16;0.20;4.31;0.00;77;84
0.01;82;76;3.27;1.64;30;3;-0.16;0.20;4.30;0.00;78;166
0.01;74;76;1.64;3.27;30;3;-0.16;0.20;4.31;0.00;160;84
0.01;74;76;3.27;3.27;30;3;-0.16;0.20;4.31;0.00;78;85
0.01;80;76;3.27;3.27;30;3;-0.16;0.20;4.31;0.00;79;85
0.01;79;76;1.64;1.64;30;3;-0.16;0.19;4.31;0.00;160;166
0.01;70;75;1.64;3.27;30;3;-0.16;0.19;4.32;0.00;160;84
0.01;81;75;3.27;3.27;30;3;-0.16;0.19;4.32;0.00;79;85
0.01;80;74;3.27;1.64;30;3;-0.16;0.19;4.31;0.00;80;167
0.01;79;74;3.27;3.27;30;3;-0.17;0.19;4.31;0.00;80;85
0.01;81;74;3.27;3.27;30;3;-0.17;0.19;4.31;0.00;80;86
0.01;78;74;3.27;1.64;30;3;-0.17;0.19;4.30;0.00;79;168
0.01;75;73;3.27;1.64;30;3;-0.17;0.19;4.30;0.00;79;167
0.01;80;73;3.27;3.27;30;3;-0.17;0.18;4.30;0.00;79;86
0.01;80;73;3.27;3.27;30;3;-0.17;0.18;4.30;0.00;79;87
0.01;81;72;1.64;3.27;30;3;-0.17;0.18;4.30;0.00;161;87
0.01;70;72;3.27;3.27;30;3;-0.17;0.18;4.30;0.00;79;87
0.01;79;71;3.27;3.27;30;3;-0.17;0.18;4.30;0.00;79;87
0.01;80;71;3.27;3.27;30;3;-0.17;0.18;4.30;0.00;79;87
0.01;80;71;3.27;3.27;30;3;-0.17;0.18;4.30;0.00;79;86
0.01;80;71;3.27;1.64;30;3;-0.17;0.18;4.30;0.00;79;168
0.01;78;71;3.27;1.64;30;3;-0.17;0.17;4.29;0.00;79;168
0.01;78;71;3.27;3.27;30;3;-0.17;0.17;4.29;0.00;78;87
0.01;80;70;3.27;3.27;30;3;-0.17;0.17;4.29;0.00;78;88
0.01;80;70;3.27;3.27;30;3;-0.17;0.17;4.29;0.00;78;88
0.01;78;70;3.27;3.27;30;3;-0.17;0.17;4.29;0.00;78;87
0.01;77;70;3.27;3.27;30;3;-0.17;0.17;4.29;0.00;78;87
0.01;78;69;3.27;3.27;30;3;-0.18;0.17;4.29;0.00;77;87
0.01;78;70;3.27;3.27;30;3;-0.18;0.16;4.29;0.00;77;87
0.01;77;69;1.64;3.27;30;3;-0.18;0.16;4.30;0.00;159;87
0.01;77;69;3.27;3.27;30;3;-0.18;0.16;4.30;0.00;77;87
0.01;76;69;3.27;3.27;30;3;-0.18;0.16;4.30;0.00;78;86
0.01;108;69;3.27;4.91;30;3;-0.18;0.16;4.30;0.00;78;3
0.02;76;68;3.27;3.27;30;3;-0.18;0.16;4.30;0.00;77;86
0.01;75;68;3.27;3.27;30;3;-0.18;0.16;4.30;0.00;77;85
0.01;76;68;3.27;1.64;30;3;-0.18;0.16;4.30;0.00;77;166
0.01;75;67;3.27;3.27;30;3;-0.18;0.15;4.30;0.00;77;84
0.01;105;67;3.27;3.27;30;3;-0.18;0.15;4.30;0.00;77;85
0.01;74;67;3.27;3.27;30;3;-0.18;0.15;4.30;0.00;76;85
0.01;89;67;3.27;3.27;30;3;-0.18;0.15;4.30;0.00;76;85
0.01;88;66;3.27;3.27;30;3;-0.18;0.15;4.30;0.00;76;85
0.01;91;67;3.27;3.27;30;3;-0.18;0.15;4.30;0.00;76;84
0.01;73;66;3.27;3.27;30;3;-0.18;0.15;4.30;0.00;76;84
0.01;74;66;3.27;3.27;30;3;-0.18;0.14;4.30;0.00;75;84
0.01;73;66;3.27;3.27;30;3;-0.19;0.14;4.30;0.00;75;84
0.01;72;66;3.27;3.27;30;3;-0.19;0.14;4.30;0.00;75;84
0.01;74;65;3.27;1.64;30;3;-0.19;0.14;4.29;0.00;75;165
0.01;72;66;3.27;1.64;30;3;-0.19;0.14;4.28;0.00;75;165
0.01;72;66;3.27;3.27;30;3;-0.19;0.14;4.28;0.00;75;84
0.01;91;65;3.27;4.91;30;3;-0.19;0.14;4.29;0.00;74;2
0.01;71;65;1.64;1.64;30;3;-0.19;0.14;4.29;0.00;156;167
0.01;62;65;1.64;1.64;30;3;-0.19;0.14;4.29;0.00;156;166
0.01;73;65;3.27;3.27;30;3;-0.19;0.13;4.29;0.00;75;85
0.01;90;65;3.27;4.91;30;3;-0.19;0.13;4.30;0.00;76;3
0.01;91;64;3.27;3.27;30;3;-0.19;0.13;4.30;0.00;76;86
0.01;73;64;3.27;3.27;30;3;-0.19;0.13;4.30;0.00;76;84
0.01;92;63;3.27;3.27;30;3;-0.19;0.13;4.30;0.00;75;84
0.01;71;64;3.27;3.27;30;3;-0.19;0.13;4.30;0.00;75;84
0.01;71;64;3.27;3.27;30;3;-0.19;0.13;4.30;0.00;75;84
0.01;71;63;3.27;3.27;30;3;-0.19;0.12;4.30;0.00;75;83
0.01;70;64;1.64;3.27;30;3;-0.19;0.12;4.30;0.00;157;83
0.01;69;64;3.27;3.27;30;3;-0.19;0.12;4.30;0.00;74;83
0.01;70;63;3.27;1.64;30;3;-0.20;0.12;4.30;0.00;75;165
0.01;68;62;1.64;3.27;30;3;-0.20;0.12;4.30;0.00;157;83
0.01;68;62;3.27;3.27;30;3;-0.20;0.12;4.30;0.00;75;84
0.01;68;62;3.27;3.27;30;3;-0.20;0.12;4.30;0.00;76;83
0.01;67;62;3.27;3.27;30;3;-0.20;0.12;4.30;0.00;76;83
0.01;67;61;3.27;3.27;30;3;-0.20;0.11;4.30;0.00;76;83
0.01;66;61;3.27;3.27;30;3;-0.20;0.11;4.30;0.00;75;83
0.01;67;61;3.27;3.27;30;3;-0.20;0.11;4.30;0.00;75;83
0.01;67;61;3.27;1.64;30;3;-0.20;0.11;4.30;0.00;75;164
0.01;66;61;3.27;1.64;30;3;-0.20;0.11;4.29;0.00;75;164
0.01;65;60;1.64;3.27;30;3;-0.20;0.11;4.30;0.00;157;83
0.01;66;61;3.27;3.27;30;3;-0.20;0.11;4.30;0.00;74;84
0.01;66;60;3.27;3.27;30;3;-0.20;0.11;4.30;0.00;75;84
0.01;64;60;3.27;3.27;30;3;-0.20;0.10;4.30;0.00;75;84
0.01;65;60;3.27;3.27;30;3;-0.20;0.10;4.30;0.00;75;84
0.01;65;59;3.27;3.27;30;3;-0.20;0.10;4.30;0.00;75;83
0.01;64;60;1.64;3.27;30;3;-0.20;0.10;4.30;0.00;157;83
0.01;64;59;1.64;3.27;30;3;-0.20;0.10;4.31;0.00;156;83
0.01;64;60;3.27;3.27;30;3;-0.21;0.10;4.31;0.00;75;83
0.01;64;59;1.64;3.27;30;3;-0.21;0.10;4.32;0.00;158;83
0.01;64;60;3.27;3.27;30;3;-0.21;0.10;4.32;0.00;76;82
0.01;64;60;3.27;3.27;30;3;-0.21;0.09;4.32;0.00;77;82
0.01;64;59;3.27;1.64;30;3;-0.21;0.09;4.31;0.00;77;164
0.01;60;59;3.27;3.27;30;3;-0.21;0.09;4.31;0.00;77;82
0.01;65;60;3.27;3.27;30;3;-0.21;0.09;4.31;0.00;77;83
0.01;64;58;3.27;3.27;30;3;-0.21;0.09;4.31;0.00;76;83
0.01;59;58;3.27;3.27;30;3;-0.21;0.09;4.31;0.00;76;82
0.01;59;57;3.27;3.27;30;3;-0.21;0.09;4.31;0.00;76;82
0.01;58;58;3.27;1.64;30;3;-0.21;0.09;4.30;0.00;76;164
0.01;59;59;1.64;3.27;30;3;-0.21;0.08;4.31;0.00;157;82
0.01;59;57;3.27;3.27;30;3;-0.21;0.08;4.31;0.00;75;83
0.01;58;57;3.27;1.64;30;3;-0.21;0.08;4.30;0.00;76;164
0.01;59;57;3.27;3.27;30;3;-0.21;0.08;4.30;0.00;76;82
0.01;58;56;3.27;3.27;30;3;-0.21;0.08;4.30;0.00;76;83
0.01;57;56;3.27;3.27;30;3;-0.21;0.08;4.30;0.00;76;83
0.01;56;56;3.27;1.64;30;3;-0.21;0.08;4.30;0.00;76;165
0.01;56;55;3.27;3.27;30;3;-0.22;0.08;4.30;0.00;75;83
0.01;56;55;1.64;1.64;30;3;-0.22;0.07;4.30;0.00;157;166
0.01;54;55;1.64;3.27;30;3;-0.22;0.07;4.30;0.00;157;84
0.01;56;54;3.27;3.27;30;3;-0.22;0.07;4.30;0.00;76;84
0.01;56;54;1.64;3.27;30;3;-0.22;0.07;4.31;0.00;159;84
0.01;54;54;3.27;1.64;30;3;-0.22;0.07;4.30;0.00;77;166
0.01;54;53;3.27;3.27;30;3;-0.22;0.07;4.30;0.00;78;84
0.01;55;53;1.64;3.27;30;3;-0.22;0.07;4.31;0.00;160;85
0.01;54;53;1.64;3.27;30;3;-0.22;0.07;4.32;0.00;159;85
0.01;54;53;3.27;1.64;30;3;-0.22;0.07;4.31;0.00;78;166
0.01;54;52;3.27;1.64;30;3;-0.22;0.06;4.30;0.00;79;166
0.01;53;52;3.27;3.27;30;3;-0.22;0.06;4.30;0.00;79;85
0.01;53;52;3.27;3.27;30;3;-0.22;0.06;4.30;0.00;79;86
0.01;53;52;3.27;3.27;30;3;-0.22;0.06;4.30;0.00;79;86
0.01;53;51;3.27;3.27;30;3;-0.22;0.06;4.30;0.00;79;86
0.01;52;51;3.27;3.27;30;3;-0.22;0.06;4.30;0.00;78;86
0.01;53;50;4.91;3.27;30;3;-0.22;0.06;4.30;0.00;0;85
0.01;53;51;1.64;3.27;30;3;-0.22;0.05;4.30;0.00;161;85
0.01;52;50;3.27;3.27;30;3;-0.22;0.05;4.30;0.00;78;85
0.01;52;50;3.27;3.27;30;3;-0.23;0.05;4.30;0.00;79;85
0.01;53;49;3.27;3.27;30;3;-0.23;0.05;4.30;0.00;79;85
0.01;52;49;3.27;3.27;30;3;-0.23;0.05;4.30;0.00;79;84
0.01;52;49;3.27;3.27;30;3;-0.23;0.05;4.30;0.00;78;84
0.01;53;49;3.27;3.27;30;3;-0.23;0.05;4.30;0.00;78;84
0.01;52;49;3.27;3.27;30;3;-0.23;0.05;4.30;0.00;78;84
0.01;51;48;3.27;3.27;30;3;-0.23;0.04;4.30;0.00;78;84
0.01;51;48;3.27;1.64;30;3;-0.23;0.04;4.30;0.00;78;166
0.01;51;48;3.27;3.27;30;3;-0.23;0.04;4.30;0.00;77;83
0.01;57;48;3.27;3.27;30;3;-0.23;0.04;4.30;0.00;77;84
0.01;51;48;3.27;3.27;30;3;-0.23;0.04;4.30;0.00;77;84
0.01;58;47;3.27;3.27;30;3;-0.23;0.04;4.30;0.00;77;84
0.01;57;48;3.27;3.27;30;3;-0.23;0.04;4.30;0.00;77;84
0.01;57;47;3.27;1.64;30;3;-0.23;0.04;4.29;0.00;76;166
0.01;58;47;3.27;3.27;30;3;-0.23;0.03;4.29;0.00;76;83
0.01;57;47;3.27;3.27;30;3;-0.23;0.03;4.29;0.00;76;84
0.01;56;47;3.27;3.27;30;3;-0.23;0.03;4.29;0.00;76;84
0.01;56;46;3.27;3.27;30;3;-0.24;0.03;4.29;0.00;76;84
0.01;48;46;3.27;3.27;30;3;-0.24;0.03;4.29;0.00;75;84
0.01;48;46;3.27;3.27;30;3;-0.24;0.03;4.29;0.00;75;83
0.01;55;46;3.27;3.27;30;3;-0.24;0.03;4.29;0.00;75;83
0.01;47;46;1.64;3.27;30;3;-0.24;0.02;4.30;0.00;157;83
0.01;46;46;3.27;3.27;30;3;-0.24;0.02;4.30;0.00;75;83
0.01;47;46;3.27;3.27;30;3;-0.24;0.02;4.30;0.00;76;83
0.01;47;46;1.64;3.27;30;3;-0.24;0.02;4.30;0.00;157;82
0.01;45;45;4.91;1.64;30;3;-0.24;0.02;4.29;0.00;0;164
0.01;45;45;3.27;1.64;30;3;-0.24;0.02;4.28;0.00;78;164
0.01;45;44;3.27;3.27;30;3;-0.24;0.02;4.28;0.00;76;83
0.01;45;44;3.27;3.27;30;3;-0.24;0.02;4.28;0.00;76;84
0.01;43;43;3.27;3.27;30;3;-0.24;0.01;4.28;0.00;76;84
0.01;43;44;3.27;3.27;30;3;-0.24;0.01;4.28;0.00;76;84
0.01;45;44;3.27;3.27;30;3;-0.24;0.01;4.28;0.00;75;83
0.01;44;43;3.27;3.27;30;3;-0.24;0.01;4.28;0.00;75;83
0.01;43;43;1.64;3.27;30;3;-0.24;0.01;4.29;0.00;157;83
0.01;43;42;3.27;3.27;30;3;-0.24;0.01;4.29;0.00;75;83
0.01;42;43;3.27;3.27;30;3;-0.25;0.01;4.29;0.00;76;83
0.01;44;42;3.27;3.27;30;3;-0.25;0.00;4.29;0.00;76;82
0.01;42;43;3.27;1.64;30;3;-0.25;0.00;4.28;0.00;75;164
0.01;41;42;3.27;3.27;30;3;-0.25;0.00;4.28;0.00;75;82
0.01;42;42;3.27;3.27;30;3;-0.25;0.00;4.28;0.00;75;83
0.01;41;42;3.27;1.64;30;3;-0.25;0.00;4.27;0.00;75;165
0.01;41;42;3.27;3.27;30;3;-0.25;-0.00;4.27;0.00;75;83
0.01;42;41;3.27;3.27;30;3;-0.25;-0.00;4.27;0.00;74;84
0.01;42;41;1.64;1.64;30;3;-0.25;-0.00;4.27;0.00;156;165
0.02;42;42;3.27;3.27;30;3;-0.25;-0.00;4.27;0.00;74;83
0.01;42;41;1.64;3.27;30;3;-0.25;-0.01;4.28;0.00;157;84
0.01;42;41;3.27;1.64;30;3;-0.25;-0.01;4.27;0.00;75;166
0.01;42;41;1.64;1.64;30;3;-0.25;-0.01;4.27;0.00;158;166
0.01;42;41;1.64;1.64;30;3;-0.25;-0.01;4.27;0.00;157;167
0.01;42;41;3.27;1.64;30;3;-0.25;-0.01;4.27;0.00;77;168
0.01;43;41;1.64;1.64;30;3;-0.25;-0.01;4.27;0.00;159;169
0.01;43;41;0.00;1.64;30;3;-0.25;-0.01;4.27;0.00;242;170
0.01;43;41;1.64;1.64;30;3;-0.25;-0.01;4.27;0.00;160;171
0.02;44;40;0.00;1.64;30;3;-0.25;-0.01;4.28;0.00;245;172
0.01;43;41;1.64;0.00;30;3;-0.25;-0.01;4.27;0.00;164;255
0.01;221;41;0.00;1.64;30;3;-0.25;-0.01;4.28;0.00;249;172
0.02;129;40;0.00;1.64;30;3;-0.25;-0.01;4.29;0.00;250;174
0.01;128;40;0.00;0.00;30;3;-0.25;-0.01;4.29;0.00;253;255
0.02;44;40;0.00;0.00;30;3;-0.25;-0.01;4.29;0.00;255;255
0.01;137;40;0.00;0.00;30;3;-0.25;-0.01;4.29;0.00;255;255
0.01;130;40;0.00;0.00;30;3;-0.25;-0.01;4.29;0.00;255;255
0.02;220;41;0.00;0.00;30;3;-0.25;-0.01;4.29;0.00;255;255
0.02;44;40;0.00;0.00;30;3;-0.25;-0.01;4.29;0.00;255;255
0.01;83;40;0.00;0.00;30;3;-0.25;-0.01;4.29;0.00;255;255
0.01;44;40;0.00;0.00;30;3;-0.25;-0.01;4.29;0.00;255;255
0.01;44;40;0.00;0.00;30;3;-0.25;-0.01;4.29;0.00;255;255
0.01;44;40;0.00;0.00;30;3;-0.25;-0.01;4.29;0.00;255;255
0.02;193;40;0.00;0.00;30;3;-0.25;-0.01;4.29;0.00;255;255
0.02;44;40;0.00;0.00;30;3;-0.25;-0.01;4.29;0.00;255;255
0.01;128;40;0.00;0.00;30;3;-0.25;-0.01;4.29;0.00;255;255
0.01;44;40;0.00;0.00;30;3;-0.25;-0.01;4.29;0.00;255;255
0.01;44;40;0.00;0.00;30;3;-0.25;-0.01;4.29;0.00;255;255
0.01;44;40;0.00;0.00;30;3;-0.25;-0.01;4.29;0.00;255;255
0.01;44;40;0.00;0.00;30;3;-0.25;-0.01;4.29;0.00;255;255
0.01;221;41;0.00;0.00;30;3;-0.25;-0.01;4.29;0.00;255;255
0.02;44;41;0.00;0.00;30;3;-0.25;-0.01;4.29;0.00;255;255
0.01;44;40;0.00;0.00;30;3;-0.25;-0.01;4.29;0.00;255;255
0.01;221;40;0.00;0.00;30;3;-0.25;-0.01;4.29;0.00;255;255
0.02;43;40;0.00;0.00;30;3;-0.25;-0.01;4.29;0.00;255;255
0.01;106;40;0.00;0.00;30;3;-0.25;-0.01;4.29;0.00;255;255
0.01;130;40;0.00;0.00;30;3;-0.25;-0.01;4.29;0.00;255;255
0.02;43;40;0.00;0.00;30;3;-0.25;-0.01;4.29;0.00;255;255
0.01;219;40;0.00;0.00;30;3;-0.25;-0.01;4.29;0.00;255;255
0.02;43;40;0.00;0.00;30;3;-0.25;-0.01;4.29;0.00;255;255
0.01;44;40;0.00;0.00;30;3;-0.25;-0.01;4.29;0.00;255;255
0.01;44;40;0.00;0.00;30;3;-0.25;-0.01;4.29;0.00;255;255
0.01;43;40;0.00;0.00;30;3;-0.25;-0.01;4.29;0.00;255;255
0.01;42;41;0.00;0.00;30;3;-0.25;-0.01;4.29;0.00;255;255
0.01;43;40;0.00;0.00;30;3;-0.25;-0.01;4.29;0.00;255;255
0.01;43;40;0.00;0.00;30;3;-0.25;-0.01;4.29;0.00;255;255
0.01;43;40;0.00;0.00;30;3;-0.25;-0.01;4.29;0.00;255;255
0.01;43;40;0.00;0.00;30;3;-0.25;-0.01;4.29;0.00;255;255
0.02;43;40;0.00;0.00;30;3;-0.25;-0.01;4.29;0.00;255;255
0.01;43;40;0.00;0.00;30;3;-0.25;-0.01;4.29;0.00;255;255
0.01;44;40;0.00;0.00;30;3;-0.25;-0.01;4.29;0.00;255;255
0.01;43;40;0.00;0.00;30;3;-0.25;-0.01;4.29;0.00;255;255
0.01;43;40;0.00;0.00;30;3;-0.25;-0.01;4.29;0.00;255;255
0.01;43;40;0.00;0.00;30;3;-0.25;-0.01;4.29;0.00;255;255
0.02;45;40;0.00;0.00;30;3;-0.25;-0.01;4.29;0.00;255;255
0.01;43;40;0.00;0.00;30;3;-0.25;-0.01;4.29;0.00;255;255
0.01;43;41;0.00;0.00;30;3;-0.25;-0.01;4.29;0.00;255;255
0.01;220;40;0.00;0.00;30;3;-0.25;-0.01;4.29;0.00;255;255
0.02;146;41;0.00;0.00;30;3;-0.25;-0.01;4.29;0.00;255;255
0.02;111;40;0.00;0.00;30;3;-0.25;-0.01;4.29;0.00;255;255
0.01;192;42;0.00;0.00;30;3;-0.25;-0.01;4.29;0.00;255;255
0.02;151;41;0.00;0.00;30;3;-0.25;-0.01;4.29;0.00;255;255
0.02;44;41;0.00;0.00;30;3;-0.25;-0.01;4.29;0.00;255;255
0.01;221;40;0.00;0.00;30;3;-0.25;-0.01;4.29;0.00;255;255
0.02;43;41;0.00;0.00;30;3;-0.25;-0.01;4.29;0.00;255;255
0.01;44;40;0.00;0.00;30;3;-0.25;-0.01;4.29;0.00;255;255
0.01;44;41;0.00;0.00;30;3;-0.25;-0.01;4.29;0.00;255;255
0.01;44;40;0.00;0.00;30;3;-0.25;-0.01;4.29;0.00;255;255
0.02;45;40;0.00;0.00;30;3;-0.25;-0.01;4.29;0.00;255;255
0.01;193;40;0.00;0.00;30;3;-0.25;-0.01;4.29;0.00;255;255
0.02;192;42;0.00;0.00;30;3;-0.25;-0.01;4.29;0.00;255;255
0.02;192;42;0.00;0.00;30;3;-0.25;-0.01;4.29;0.00;255;255
0.02;110;40;0.00;0.00;30;3;-0.25;-0.01;4.29;0.00;255;255
0.01;192;42;0.00;0.00;30;3;-0.25;-0.01;4.29;0.00;255;255
0.02;195;42;0.00;0.00;30;3;-0.25;-0.01;4.29;0.00;255;255
0.02;149;41;0.00;0.00;30;3;-0.25;-0.01;4.29;0.00;255;255
0.02;95;40;0.00;0.00;30;3;-0.25;-0.01;4.29;0.00;255;255
0.01;222;42;0.00;0.00;30;3;-0.25;-0.01;4.29;0.00;255;255
0.02;97;40;0.00;0.00;30;3;-0.25;-0.01;4.29;0.00;255;255
0.01;192;42;0.00;0.00;30;3;-0.25;-0.01;4.29;0.00;255;255
0.02;193;42;0.00;0.00;30;3;-0.25;-0.01;4.29;0.00;255;255
0.02;191;42;0.00;0.00;30;3;-0.25;-0.01;4.29;0.00;255;255
0.02;193;42;0.00;0.00;30;3;-0.25;-0.01;4.29;0.00;255;255
0.02;149;41;0.00;0.00;30;3;-0.25;-0.01;4.29;0.00;255;255
0.02;44;40;0.00;0.00;30;3;-0.25;-0.01;4.29;0.00;255;255
0.01;220;41;0.00;0.00;30;3;-0.25;-0.01;4.29;0.00;255;255
0.02;192;42;0.00;0.00;30;3;-0.25;-0.01;4.29;0.00;255;255
0.02;151;41;0.00;0.00;30;3;-0.25;-0.01;4.29;0.00;255;255
0.02;192;42;0.00;0.00;30;3;-0.25;-0.01;4.29;0.00;255;255
0.02;151;41;0.00;0.00;30;3;-0.25;-0.01;4.29;0.00;255;255
0.02;194;42;0.00;0.00;30;3;-0.25;-0.01;4.29;0.00;255;255
0.02;192;42;0.00;0.00;30;3;-0.25;-0.01;4.29;0.00;255;255
0.02;222;42;0.00;0.00;30;3;-0.25;-0.01;4.29;0.00;255;255
0.02;150;41;0.00;0.00;30;3;-0.25;-0.01;4.29;0.00;255;255
0.02;194;42;0.00;0.00;30;3;-0.25;-0.01;4.29;0.00;255;255
0.02;192;42;0.00;0.00;30;3;-0.25;-0.01;4.29;0.00;255;255
0.02;150;41;0.00;0.00;30;3;-0.25;-0.01;4.29;0.00;255;255
0.02;192;42;0.00;0.00;30;3;-0.25;-0.01;4.29;0.00;255;255
0.02;97;40;0.00;0.00;30;3;-0.25;-0.01;4.29;0.00;255;255
0.01;192;42;0.00;0.00;30;3;-0.25;-0.01;4.29;0.00;255;255
0.02;194;42;0.00;0.00;30;3;-0.25;-0.01;4.29;0.00;255;255
0.02;150;41;0.00;0.00;30;3;-0.25;-0.01;4.29;0.00;255;255
0.02;193;42;0.00;0.00;30;3;-0.25;-0.01;4.29;0.00;255;255
0.02;181;42;0.00;0.00;30;3;-0.25;-0.01;4.29;0.00;255;255
0.02;151;41;0.00;0.00;30;3;-0.25;-0.01;4.29;0.00;255;255
0.02;222;42;0.00;0.00;30;3;-0.25;-0.01;4.29;0.00;255;255
0.02;193;42;0.00;0.00;30;3;-0.25;-0.01;4.29;0.00;255;255
0.02;150;41;0.00;0.00;30;3;-0.25;-0.01;4.29;0.00;255;255
0.02;198;42;0.00;0.00;30;3;-0.25;-0.01;4.29;0.00;255;255
0.02;194;42;0.00;0.00;30;3;-0.25;-0.01;4.29;0.00;255;255
0.02;194;42;0.00;0.00;30;3;-0.25;-0.01;4.29;0.00;255;255
0.02;195;42;0.00;0.00;30;3;-0.25;-0.01;4.29;0.00;255;255
0.02;220;42;0.00;0.00;30;3;-0.25;-0.01;4.29;0.00;255;255
0.02;151;41;0.00;0.00;30;3;-0.25;-0.01;4.29;0.00;255;255
0.02;194;42;0.00;0.00;30;3;-0.25;-0.01;4.29;0.00;255;255
0.02;44;41;0.00;0.00;30;3;-0.25;-0.01;4.29;0.00;255;255
0.01;192;40;0.00;0.00;30;3;-0.25;-0.01;4.29;0.00;255;255
0.02;219;42;0.00;0.00;30;3;-0.25;-0.01;4.29;0.00;255;255
0.02;219;42;0.00;0.00;30;3;-0.25;-0.01;4.29;0.00;255;255
0.02;197;42;0.00;0.00;30;3;-0.25;-0.01;4.29;0.00;255;255
0.02;196;42;0.00;0.00;30;3;-0.25;-0.01;4.29;0.00;255;255
0.02;194;42;0.00;0.00;30;3;-0.25;-0.01;4.29;0.00;255;255
0.02;111;40;0.00;0.00;30;3;-0.25;-0.01;4.29;0.00;255;255
0.01;148;40;0.00;0.00;30;3;-0.25;-0.01;4.29;0.00;255;255
0.02;191;42;0.00;0.00;30;3;-0.25;-0.01;4.29;0.00;255;255
0.02;219;42;0.00;0.00;30;3;-0.25;-0.01;4.29;0.00;255;255
0.02;219;42;0.00;0.00;30;3;-0.25;-0.01;4.29;0.00;255;255
0.02;43;41;0.00;0.00;30;3;-0.25;-0.01;4.29;0.00;255;255
0.01;43;41;0.00;0.00;30;3;-0.25;-0.01;4.29;0.00;255;255
0.01;218;41;0.00;0.00;30;3;-0.25;-0.01;4.29;0.00;255;255
0.02;44;40;0.00;0.00;30;3;-0.25;-0.01;4.29;0.00;255;255
0.01;43;41;0.00;0.00;30;3;-0.25;-0.01;4.29;0.00;255;255
0.01;43;40;0.00;0.00;30;3;-0.25;-0.01;4.29;0.00;255;255
0.02;43;40;0.00;0.00;30;3;-0.25;-0.01;4.29;0.00;255;255
0.01;44;40;0.00;0.00;30;3;-0.25;-0.01;4.29;0.00;255;255
0.02;44;41;0.00;0.00;30;3;-0.25;-0.01;4.29;0.00;255;255
0.01;44;40;0.00;0.00;30;3;-0.25;-0.01;4.29;0.00;255;255
0.01;218;41;0.00;0.00;30;3;-0.25;-0.01;4.29;0.00;255;255
0.02;45;40;0.00;0.00;30;3;-0.25;-0.01;4.29;0.00;255;255
0.01;219;41;0.00;0.00;30;3;-0.25;-0.01;4.29;0.00;255;255
0.02;149;41;0.00;0.00;30;3;-0.25;-0.01;4.29;0.00;255;255
0.02;148;41;0.00;0.00;30;3;-0.25;-0.01;4.29;0.00;255;255
0.02;83;40;0.00;0.00;30;3;-0.25;-0.01;4.29;0.00;255;255
0.01;43;40;0.00;0.00;30;3;-0.25;-0.01;4.29;0.00;255;255
0.01;119;40;0.00;0.00;30;3;-0.25;-0.01;4.29;0.00;255;255
0.01;99;40;0.00;0.00;30;3;-0.25;-0.01;4.29;0.00;255;255
0.02;218;41;0.00;0.00;30;3;-0.25;-0.01;4.29;0.00;255;255
0.02;83;40;0.00;0.00;30;3;-0.25;-0.01;4.29;0.00;255;255
0.01;218;42;0.00;0.00;30;3;-0.25;-0.01;4.29;0.00;255;255
0.02;150;41;0.00;0.00;30;3;-0.25;-0.01;4.29;0.00;255;255
0.02;148;41;0.00;0.00;30;3;-0.25;-0.01;4.29;0.00;255;255
0.02;149;41;0.00;0.00;30;3;-0.25;-0.01;4.29;0.00;255;255
0.02;199;42;0.00;0.00;30;3;-0.25;-0.01;4.29;0.00;255;255
0.02;150;41;0.00;0.00;30;3;-0.25;-0.01;4.29;0.00;255;255
0.02;84;40;0.00;0.00;30;3;-0.25;-0.01;4.29;0.00;255;255
0.01;220;42;0.00;0.00;30;3;-0.25;-0.01;4.29;0.00;255;255
0.02;220;42;0.00;0.00;30;3;-0.25;-0.01;4.29;0.00;255;255
0.02;218;42;0.00;0.00;30;3;-0.25;-0.01;4.29;0.00;255;255
0.02;222;42;0.00;0.00;30;3;-0.25;-0.01;4.29;0.00;255;255
0.02;221;42;0.00;0.00;30;3;-0.25;-0.01;4.29;0.00;255;255
0.02;220;42;0.00;0.00;30;3;-0.25;-0.01;4.29;0.00;255;255
0.02;220;42;0.00;0.00;30;3;-0.25;-0.01;4.29;0.00;255;255
0.02;43;40;0.00;0.00;30;3;-0.25;-0.01;4.29;0.00;255;255
0.01;189;40;0.00;0.00;30;3;-0.25;-0.01;4.29;0.00;255;255
0.02;219;42;0.00;0.00;30;3;-0.25;-0.01;4.29;0.00;255;255
0.02;44;40;0.00;0.00;30;3;-0.25;-0.01;4.29;0.00;255;255
0.01;84;40;0.00;0.00;30;3;-0.25;-0.01;4.29;0.00;255;255
0.01;224;41;0.00;0.00;30;3;-0.25;-0.01;4.29;0.00;255;255
0.02;43;41;0.00;0.00;30;3;-0.25;-0.01;4.29;0.00;255;255
0.01;197;40;0.00;0.00;30;3;-0.25;-0.01;4.29;0.00;255;255
0.02;104;41;0.00;0.00;30;3;-0.25;-0.01;4.29;0.00;255;255
0.01;221;42;0.00;0.00;30;3;-0.25;-0.01;4.29;0.00;255;255
0.02;219;42;0.00;0.00;30;3;-0.25;-0.01;4.29;0.00;255;255
0.02;118;41;0.00;0.00;30;3;-0.25;-0.01;4.29;0.00;255;255
0.01;43;40;0.00;0.00;30;3;-0.25;-0.01;4.29;0.00;255;255
0.01;44;41;0.00;0.00;30;3;-0.25;-0.01;4.29;0.00;255;255
0.01;43;40;0.00;0.00;30;3;-0.25;-0.01;4.29;0.00;255;255
0.01;220;41;0.00;0.00;30;3;-0.25;-0.01;4.29;0.00;255;255
0.02;221;42;0.00;0.00;30;3;-0.25;-0.01;4.29;0.00;255;255
0.02;219;42;0.00;0.00;30;3;-0.25;-0.01;4.29;0.00;255;255
0.02;44;40;0.00;0.00;30;3;-0.25;-0.01;4.29;0.00;255;255
0.01;96;40;0.00;0.00;30;3;-0.25;-0.01;4.29;0.00;255;255
0.01;44;40;0.00;0.00;30;3;-0.25;-0.01;4.29;0.00;255;255
0.01;218;40;0.00;0.00;30;3;-0.25;-0.01;4.29;0.00;255;255
0.02;217;42;0.00;0.00;30;3;-0.25;-0.01;4.29;0.00;255;255
0.02;44;41;0.00;0.00;30;3;-0.25;-0.01;4.29;0.00;255;255
0.01;108;40;0.00;0.00;30;3;-0.25;-0.01;4.29;0.00;255;255
0.01;97;40;0.00;0.00;30;3;-0.25;-0.01;4.29;0.00;255;255
0.01;217;40;0.00;0.00;30;3;-0.25;-0.01;4.29;0.00;255;255
0.02;218;42;0.00;0.00;30;3;-0.25;-0.01;4.29;0.00;255;255
0.02;219;42;0.00;0.00;30;3;-0.25;-0.01;4.29;0.00;255;255
0.02;221;42;0.00;0.00;30;3;-0.25;-0.01;4.29;0.00;255;255
0.02;99;40;0.00;0.00;30;3;-0.25;-0.01;4.29;0.00;255;255
0.01;218;42;0.00;0.00;30;3;-0.25;-0.01;4.29;0.00;255;255
0.02;44;40;0.00;0.00;30;3;-0.25;-0.01;4.29;0.00;255;255
0.01;44;40;0.00;0.00;30;3;-0.25;-0.01;4.29;0.00;255;255
0.01;218;40;0.00;0.00;30;3;-0.25;-0.01;4.29;0.00;255;255
0.02;219;42;0.00;0.00;30;3;-0.25;-0.01;4.29;0.00;255;255
0.02;44;40;0.00;0.00;30;3;-0.25;-0.01;4.29;0.00;255;255
0.01;218;40;0.00;0.00;30;3;-0.25;-0.01;4.29;0.00;255;255
0.02;219;42;0.00;0.00;30;3;-0.25;-0.01;4.29;0.00;255;255
0.02;219;42;0.00;0.00;30;3;-0.25;-0.01;4.29;0.00;255;255
0.02;217;42;0.00;0.00;30;3;-0.25;-0.01;4.29;0.00;255;255
0.02;100;40;0.00;0.00;30;3;-0.25;-0.01;4.29;0.00;255;255
0.01;42;40;0.00;0.00;30;3;-0.25;-0.01;4.29;0.00;255;255
0.01;113;40;0.00;0.00;30;3;-0.25;-0.01;4.29;0.00;255;255
0.01;43;40;0.00;0.00;30;3;-0.25;-0.01;4.29;0.00;255;255
0.01;217;40;0.00;0.00;30;3;-0.25;-0.01;4.29;0.00;255;255
0.02;111;40;0.00;0.00;30;3;-0.25;-0.01;4.29;0.00;255;255
0.01;218;42;0.00;0.00;30;3;-0.25;-0.01;4.29;0.00;255;255
0.02;218;42;0.00;0.00;30;3;-0.25;-0.01;4.29;0.00;255;255
0.02;217;42;0.00;0.00;30;3;-0.25;-0.01;4.29;0.00;255;255
0.02;97;41;0.00;0.00;30;3;-0.25;-0.01;4.29;0.00;255;255
0.01;220;42;0.00;0.00;30;3;-0.25;-0.01;4.29;0.00;255;255
0.02;217;42;0.00;0.00;30;3;-0.25;-0.01;4.29;0.00;255;255
0.02;217;42;0.00;0.00;30;3;-0.25;-0.01;4.29;0.00;255;255
0.02;44;40;0.00;0.00;30;3;-0.25;-0.01;4.29;0.00;255;255
0.01;44;40;0.00;0.00;30;3;-0.25;-0.01;4.29;0.00;255;255
0.02;218;40;0.00;0.00;30;3;-0.25;-0.01;4.29;0.00;255;255
0.02;219;42;0.00;0.00;30;3;-0.25;-0.01;4.29;0.00;255;255
0.02;219;42;0.00;0.00;30;3;-0.25;-0.01;4.29;0.00;255;255
0.02;109;40;0.00;0.00;30;3;-0.25;-0.01;4.29;0.00;255;255
0.01;220;42;0.00;0.00;30;3;-0.25;-0.01;4.29;0.00;255;255
0.02;219;42;0.00;0.00;30;3;-0.25;-0.01;4.29;0.00;255;255
0.02;219;42;0.00;0.00;30;3;-0.25;-0.01;4.29;0.00;255;255
0.02;44;40;0.00;0.00;30;3;-0.25;-0.01;4.29;0.00;255;255
0.01;110;41;0.00;0.00;30;3;-0.25;-0.01;4.29;0.00;255;255
0.01;112;40;0.00;0.00;30;3;-0.25;-0.01;4.29;0.00;255;255
0.01;219;40;0.00;0.00;30;3;-0.25;-0.01;4.29;0.00;255;255
0.02;220;42;0.00;0.00;30;3;-0.25;-0.01;4.29;0.00;255;255
0.02;219;42;0.00;0.00;30;3;-0.25;-0.01;4.29;0.00;255;255
0.02;219;42;0.00;0.00;30;3;-0.25;-0.01;4.29;0.00;255;255
0.02;221;42;0.00;0.00;30;3;-0.25;-0.01;4.29;0.00;255;255
0.02;220;42;0.00;0.00;30;3;-0.25;-0.01;4.29;0.00;255;255
0.02;96;40;0.00;0.00;30;3;-0.25;-0.01;4.29;0.00;255;255
0.01;44;40;0.00;0.00;30;3;-0.25;-0.01;4.29;0.00;255;255
0.01;42;40;0.00;0.00;30;3;-0.25;-0.01;4.29;0.00;255;255
0.02;43;41;0.00;0.00;30;3;-0.25;-0.01;4.29;0.00;255;255
0.01;44;41;0.00;0.00;30;3;-0.25;-0.01;4.29;0.00;255;255
0.01;44;40;0.00;0.00;30;3;-0.25;-0.01;4.29;0.00;255;255
0.01;219;41;0.00;0.00;30;3;-0.25;-0.01;4.29;0.00;255;255
0.02;217;42;0.00;0.00;30;3;-0.25;-0.01;4.29;0.00;255;255
0.02;219;42;0.00;0.00;30;3;-0.25;-0.01;4.29;0.00;255;255
0.02;218;42;0.00;0.00;30;3;-0.25;-0.01;4.29;0.00;255;255
0.02;99;40;0.00;0.00;30;3;-0.25;-0.01;4.29;0.00;255;255