0.02;12;12;0.00;0.00;20;20;1.87;0.21;0.14;0.00;110;110
0.01;12;12;0.00;0.00;20;20;1.87;0.21;0.14;0.00;110;110
0.01;12;12;0.00;0.00;20;20;1.87;0.21;0.14;0.00;110;110
0.01;12;12;0.00;0.00;20;20;1.87;0.21;0.14;0.00;110;110
0.01;12;12;0.00;0.00;20;20;1.87;0.21;0.14;0.00;110;110
0.01;12;12;0.00;0.00;20;20;1.87;0.21;0.14;0.00;110;110
0.01;12;12;0.00;0.00;20;20;1.87;0.21;0.14;0.00;110;110
0.01;12;12;0.00;0.00;20;20;1.87;0.21;0.14;0.00;110;110
0.01;12;12;0.00;0.00;20;20;1.87;0.21;0.14;0.00;110;110
0.02;12;12;0.00;0.00;20;20;1.87;0.21;0.14;0.00;110;110
0.01;12;12;0.00;0.00;20;20;1.87;0.21;0.14;0.00;110;110
0.01;12;12;0.00;0.00;20;20;1.87;0.21;0.14;0.00;110;110
0.01;12;12;0.00;0.00;20;20;1.87;0.21;0.14;0.00;110;110
0.01;12;12;0.00;0.00;20;20;1.87;0.21;0.14;0.00;110;110
0.01;12;12;0.00;0.00;20;20;1.87;0.21;0.14;0.00;110;110
0.01;12;12;0.00;0.00;20;20;1.87;0.21;0.14;0.00;110;110
0.01;12;12;0.00;0.00;20;20;1.87;0.21;0.14;0.00;110;110
0.01;12;12;0.00;0.00;20;20;1.87;0.21;0.14;0.00;110;110
0.02;12;12;0.00;0.00;20;20;1.87;0.21;0.14;0.00;110;110
0.01;12;12;0.00;0.00;20;20;1.87;0.21;0.14;0.00;110;110
0.01;12;12;0.00;0.00;20;20;1.87;0.21;0.14;0.00;110;110
0.01;12;12;0.00;0.00;20;20;1.87;0.21;0.14;0.00;110;110
0.01;12;12;0.00;0.00;20;20;1.87;0.21;0.14;0.00;110;110
0.01;12;12;0.00;0.00;20;20;1.87;0.21;0.14;0.00;110;110
0.01;12;12;0.00;0.00;20;20;1.87;0.21;0.14;0.00;110;110
0.01;12;12;0.00;0.00;20;20;1.87;0.21;0.14;0.00;110;110
0.01;12;12;0.00;0.00;20;20;1.87;0.21;0.14;0.00;110;110
0.01;12;12;0.00;0.00;20;20;1.87;0.21;0.14;0.00;110;110
0.01;12;12;0.00;0.00;20;20;1.87;0.21;0.14;0.00;110;110
0.01;12;12;0.00;0.00;20;20;1.87;0.21;0.14;0.00;110;110
0.01;12;12;0.00;0.00;20;20;1.87;0.21;0.14;0.00;110;110
0.01;12;12;0.00;0.00;20;20;1.87;0.21;0.14;0.00;110;110
0.02;12;12;0.00;0.00;20;20;1.87;0.21;0.14;0.00;110;110
0.01;12;12;0.00;0.00;20;20;1.87;0.21;0.14;0.00;110;110
0.01;12;12;0.00;0.00;20;20;1.87;0.21;0.14;0.00;110;110
0.01;12;12;0.00;0.00;20;20;1.87;0.21;0.14;0.00;110;110
0.01;12;12;0.00;0.00;20;20;1.87;0.21;0.14;0.00;110;110
0.01;12;12;0.00;0.00;20;20;1.87;0.21;0.14;0.00;110;110
0.01;12;12;0.00;0.00;20;20;1.87;0.21;0.14;0.00;110;110
0.01;12;12;0.00;0.00;20;20;1.87;0.21;0.14;0.00;110;110
0.01;12;12;0.00;0.00;20;20;1.87;0.21;0.14;0.00;110;110
0.02;12;12;0.00;0.00;20;20;1.87;0.21;0.14;0.00;110;110
0.01;12;12;0.00;0.00;20;20;1.87;0.21;0.14;0.00;110;110
0.01;12;12;0.00;0.00;20;20;1.87;0.21;0.14;0.00;110;110
0.01;12;12;0.00;0.00;20;20;1.87;0.21;0.14;0.00;110;110
0.01;12;12;0.00;0.00;20;20;1.87;0.21;0.14;0.00;110;110
0.01;12;12;0.00;0.00;20;20;1.87;0.21;0.14;0.00;110;110
0.01;12;12;0.00;0.00;20;20;1.87;0.21;0.14;0.00;110;110
0.01;12;12;0.00;0.00;20;20;1.87;0.21;0.14;0.00;110;110
0.01;12;12;0.00;0.00;20;20;1.87;0.21;0.14;0.00;110;110
0.02;12;12;0.00;0.00;20;20;1.87;0.21;0.14;0.00;110;110
0.01;12;12;0.00;0.00;20;20;1.87;0.21;0.14;0.00;110;110
0.01;12;12;0.00;0.00;20;20;1.87;0.21;0.14;0.00;110;110
0.01;12;12;0.00;0.00;20;20;1.87;0.21;0.14;0.00;110;110
0.01;12;12;0.00;0.00;20;20;1.87;0.21;0.14;0.00;110;110
0.01;12;12;0.00;0.00;20;20;1.87;0.21;0.14;0.00;110;110
0.01;12;12;0.00;0.00;20;20;1.87;0.21;0.14;0.00;110;110
0.01;12;12;0.00;0.00;20;20;1.87;0.21;0.14;0.00;110;110
0.01;12;12;0.00;0.00;20;20;1.87;0.21;0.14;0.00;110;110
0.02;12;12;0.00;0.00;20;20;1.87;0.21;0.14;0.00;110;110
0.01;12;12;0.00;0.00;20;20;1.87;0.21;0.14;0.00;110;110
0.01;12;12;0.00;0.00;20;20;1.87;0.21;0.14;0.00;110;110
0.01;12;12;0.00;0.00;20;20;1.87;0.21;0.14;0.00;110;110
0.01;12;12;0.00;0.00;20;20;1.87;0.21;0.14;0.00;110;110
0.01;12;12;0.00;0.00;20;20;1.87;0.21;0.14;0.00;110;110
0.01;12;12;0.00;0.00;20;20;1.87;0.21;0.14;0.00;110;110
0.01;12;12;0.00;0.00;20;20;1.87;0.21;0.14;0.00;110;110
0.01;12;12;0.00;0.00;20;20;1.87;0.21;0.14;0.00;110;110
0.02;12;12;0.00;0.00;20;20;1.87;0.21;0.14;0.00;110;110
0.01;12;12;0.00;0.00;20;20;1.87;0.21;0.14;0.00;110;110
0.01;12;12;0.00;0.00;20;20;1.87;0.21;0.14;0.00;110;110
0.01;12;12;0.00;0.00;20;20;1.87;0.21;0.14;0.00;110;110
0.01;12;12;0.00;0.00;20;20;1.87;0.21;0.14;0.00;110;110
0.02;12;12;0.00;0.00;20;20;1.87;0.21;0.14;0.00;110;110
0.01;12;12;0.00;0.00;20;20;1.87;0.21;0.14;0.00;110;110
0.01;12;12;0.00;0.00;20;20;1.87;0.21;0.14;0.00;110;110
0.01;12;12;0.00;0.00;20;20;1.87;0.21;0.14;0.00;110;110
0.01;12;12;0.00;0.00;20;20;1.87;0.21;0.14;0.00;110;110
0.01;12;12;0.00;0.00;20;20;1.87;0.21;0.14;0.00;110;110
0.01;12;12;0.00;0.00;20;20;1.87;0.21;0.14;0.00;110;110
0.01;12;12;0.00;0.00;20;20;1.87;0.21;0.14;0.00;110;110
0.01;12;12;0.00;0.00;20;20;1.87;0.21;0.14;0.00;110;110
0.02;12;12;0.00;0.00;20;20;1.87;0.21;0.14;0.00;110;110
0.01;12;12;0.00;0.00;20;20;1.87;0.21;0.14;0.00;110;110
0.01;12;12;0.00;0.00;20;20;1.87;0.21;0.14;0.00;110;110
0.01;12;12;0.00;0.00;20;20;1.87;0.21;0.14;0.00;110;110
0.01;12;12;0.00;0.00;20;20;1.87;0.21;0.14;0.00;110;110
0.01;12;12;0.00;0.00;20;20;1.87;0.21;0.14;0.00;110;110
0.01;12;12;0.00;0.00;20;20;1.87;0.21;0.14;0.00;110;110
0.01;12;12;0.00;0.00;20;20;1.87;0.21;0.14;0.00;110;110
0.01;12;12;0.00;0.00;20;20;1.87;0.21;0.14;0.00;110;110
0.02;12;12;0.00;0.00;20;20;1.87;0.21;0.14;0.00;110;110
0.01;12;12;0.00;0.00;20;20;1.87;0.21;0.14;0.00;110;110
0.01;12;12;0.00;0.00;20;20;1.87;0.21;0.14;0.00;110;110
0.01;12;12;0.00;0.00;20;20;1.87;0.21;0.14;0.00;110;110
0.01;12;12;0.00;0.00;20;20;1.87;0.21;0.14;0.00;110;110
0.01;12;12;0.00;0.00;20;20;1.87;0.21;0.14;0.00;110;110
0.01;12;12;0.00;0.00;20;20;1.87;0.21;0.14;0.00;110;110
0.01;12;12;0.00;0.00;20;20;1.87;0.21;0.14;0.00;110;110
0.01;12;12;0.00;0.00;20;20;1.87;0.21;0.14;0.00;110;110
0.02;12;12;0.00;0.00;20;20;1.87;0.21;0.14;0.00;110;110
0.01;12;12;0.00;0.00;20;20;1.87;0.21;0.14;0.00;110;110
0.01;12;12;0.00;0.00;20;20;1.87;0.21;0.14;0.00;110;110
0.01;12;12;0.00;0.00;20;20;1.87;0.21;0.14;0.00;110;110
0.01;12;12;0.00;0.00;20;20;1.87;0.21;0.14;0.00;110;110
0.01;12;12;0.00;0.00;20;20;1.87;0.21;0.14;0.00;110;110
0.01;12;12;0.00;0.00;20;20;1.87;0.21;0.14;0.00;110;110
0.01;12;12;0.00;0.00;20;20;1.87;0.21;0.14;0.00;110;110
0.01;12;12;0.00;0.00;20;20;1.87;0.21;0.14;0.00;110;110
0.01;12;12;0.00;0.00;20;20;1.87;0.21;0.14;0.00;110;110
0.01;12;12;0.00;0.00;20;20;1.87;0.21;0.14;0.00;110;110
0.01;12;12;0.00;0.00;20;20;1.87;0.21;0.14;0.00;110;110
0.01;12;12;0.00;0.00;20;20;1.87;0.21;0.14;0.00;110;110
0.01;12;12;0.00;0.00;20;20;1.87;0.21;0.14;0.00;110;110
0.02;12;12;0.00;0.00;20;20;1.87;0.21;0.14;0.00;110;110
0.01;12;12;0.00;0.00;20;20;1.87;0.21;0.14;0.00;110;110
0.01;12;12;0.00;0.00;20;20;1.87;0.21;0.14;0.00;110;110
0.01;12;12;0.00;0.00;20;20;1.87;0.21;0.14;0.00;110;110
0.01;12;12;0.00;0.00;20;20;1.87;0.21;0.14;0.00;110;110
0.01;12;12;0.00;0.00;20;20;1.87;0.21;0.14;0.00;110;110
0.01;12;12;0.00;0.00;20;20;1.87;0.21;0.14;0.00;110;110
0.01;12;12;0.00;0.00;20;20;1.87;0.21;0.14;0.00;110;110
0.01;12;12;0.00;0.00;20;20;1.87;0.21;0.14;0.00;110;110
0.02;12;12;0.00;0.00;20;20;1.87;0.21;0.14;0.00;110;110
0.01;12;12;0.00;0.00;20;20;1.87;0.21;0.14;0.00;110;110
0.01;12;12;0.00;0.00;20;20;1.87;0.21;0.14;0.00;110;110
0.01;12;12;0.00;0.00;20;20;1.87;0.21;0.14;0.00;110;110
0.01;12;12;0.00;0.00;20;20;1.87;0.21;0.14;0.00;110;110
0.01;12;12;0.00;0.00;20;20;1.87;0.21;0.14;0.00;110;110
0.01;12;12;0.00;0.00;20;20;1.87;0.21;0.14;0.00;110;110
0.01;12;12;0.00;0.00;20;20;1.87;0.21;0.14;0.00;110;110
0.01;12;12;0.00;0.00;20;20;1.87;0.21;0.14;0.00;110;110
0.02;12;12;0.00;0.00;20;20;1.87;0.21;0.14;0.00;110;110
0.01;12;12;0.00;0.00;20;20;1.87;0.21;0.14;0.00;110;110
0.01;12;12;0.00;0.00;20;20;1.87;0.21;0.14;0.00;110;110
0.01;12;12;0.00;0.00;20;20;1.87;0.21;0.14;0.00;110;110
0.01;12;11;0.00;0.00;20;20;1.87;0.21;0.14;0.00;110;110
0.01;12;12;0.00;0.00;20;20;1.87;0.21;0.14;0.00;110;110
0.01;12;12;0.00;0.00;20;20;1.87;0.21;0.14;0.00;110;110
0.01;12;12;0.00;0.00;20;20;1.87;0.21;0.14;0.00;110;110
0.01;12;12;0.00;0.00;20;20;1.87;0.21;0.14;0.00;110;110
0.01;12;12;0.00;0.00;20;20;1.87;0.21;0.14;0.00;110;110
0.01;12;12;0.00;0.00;20;20;1.87;0.21;0.14;0.00;110;110
0.01;12;11;0.00;0.00;20;20;1.87;0.21;0.14;0.00;110;110
0.01;12;12;0.00;0.00;20;20;1.87;0.21;0.14;0.00;110;110
0.01;12;12;0.00;0.00;20;20;1.87;0.21;0.14;0.00;110;110
0.01;12;12;0.00;0.00;20;20;1.87;0.21;0.14;0.00;110;110
0.01;12;12;0.00;0.00;20;20;1.87;0.21;0.14;0.00;110;110
0.01;12;12;0.00;0.00;20;20;1.87;0.21;0.14;0.00;110;110
0.01;12;12;0.00;0.00;20;20;1.87;0.21;0.14;0.00;110;110
0.01;12;12;0.00;0.00;20;20;1.87;0.21;0.14;0.00;110;110
0.01;12;12;0.00;0.00;20;20;1.87;0.21;0.14;0.00;110;110
0.01;12;12;0.00;0.00;20;20;1.87;0.21;0.14;0.00;110;110
0.01;12;12;0.00;0.00;20;20;1.87;0.21;0.14;0.00;110;110
0.01;12;12;0.00;0.00;20;20;1.87;0.21;0.14;0.00;110;110
0.02;12;12;0.00;0.00;20;20;1.87;0.21;0.14;0.00;110;110
0.01;12;12;0.00;0.00;20;20;1.87;0.21;0.14;0.00;110;110
0.01;12;12;0.00;0.00;20;20;1.87;0.21;0.14;0.00;110;110
0.01;12;12;0.00;0.00;20;20;1.87;0.21;0.14;0.00;110;110
0.01;12;12;0.00;0.00;20;20;1.87;0.21;0.14;0.00;110;110
0.01;12;12;0.00;0.00;20;20;1.87;0.21;0.14;0.00;110;110
0.01;12;12;0.00;0.00;20;20;1.87;0.21;0.14;0.00;110;110
0.01;12;12;0.00;0.00;20;20;1.87;0.21;0.14;0.00;110;110
0.01;12;12;0.00;0.00;20;20;1.87;0.21;0.14;0.00;110;110
0.02;12;11;0.00;0.00;20;20;1.87;0.21;0.14;0.00;110;110
0.01;12;12;0.00;0.00;20;20;1.87;0.21;0.14;0.00;110;110
0.01;12;12;0.00;0.00;20;20;1.87;0.21;0.14;0.00;110;110
0.01;12;12;0.00;0.00;20;20;1.87;0.21;0.14;0.00;110;110
0.01;12;12;0.00;0.00;20;20;1.87;0.21;0.14;0.00;110;110
0.01;12;12;0.00;0.00;20;20;1.87;0.21;0.14;0.00;110;110
0.01;12;12;0.00;0.00;20;20;1.87;0.21;0.14;0.00;110;110
0.01;12;12;0.00;0.00;20;20;1.87;0.21;0.14;0.00;110;110
0.01;12;12;0.00;0.00;20;20;1.87;0.21;0.14;0.00;110;110
0.01;12;12;0.00;0.00;20;20;1.87;0.21;0.14;0.00;110;110
0.01;12;12;0.00;0.00;20;20;1.87;0.21;0.14;0.00;110;110
0.01;12;12;0.00;0.00;20;20;1.87;0.21;0.14;0.00;110;110
0.01;12;12;0.00;0.00;20;20;1.87;0.21;0.14;0.00;110;110
0.01;12;12;0.00;0.00;20;20;1.87;0.21;0.14;0.00;110;110
0.01;12;12;0.00;0.00;20;20;1.87;0.21;0.14;0.00;110;110
0.01;12;12;0.00;0.00;20;20;1.87;0.21;0.14;0.00;110;110
0.01;12;12;0.00;0.00;20;20;1.87;0.21;0.14;0.00;110;110
0.01;12;12;0.00;0.00;20;20;1.87;0.21;0.14;0.00;110;110
0.01;12;12;0.00;0.00;20;20;1.87;0.21;0.14;0.00;110;110
0.01;12;12;0.00;0.00;20;20;1.87;0.21;0.14;0.00;110;110
0.01;12;12;0.00;0.00;20;20;1.87;0.21;0.14;0.00;110;110
0.01;12;12;0.00;0.00;20;20;1.87;0.21;0.14;0.00;110;110
0.01;12;12;0.00;0.00;20;20;1.87;0.21;0.14;0.00;110;110
0.01;12;12;0.00;0.00;20;20;1.87;0.21;0.14;0.00;110;110
0.01;12;12;0.00;0.00;20;20;1.87;0.21;0.14;0.00;110;110
0.01;12;12;0.00;0.00;20;20;1.87;0.21;0.14;0.00;110;110
0.01;12;12;0.00;0.00;20;20;1.87;0.21;0.14;0.00;110;110
0.01;12;12;0.00;0.00;20;20;1.87;0.21;0.14;0.00;110;110
0.01;12;12;0.00;0.00;20;20;1.87;0.21;0.14;0.00;110;110
0.01;12;12;0.00;0.00;20;20;1.87;0.21;0.14;0.00;110;110
0.01;12;12;0.00;0.00;20;20;1.87;0.21;0.14;0.00;110;110
0.01;12;12;0.00;0.00;20;20;1.87;0.21;0.14;0.00;110;110
0.02;12;12;0.00;0.00;20;20;1.87;0.21;0.14;0.00;110;110
0.01;12;12;0.00;0.00;20;20;1.87;0.21;0.14;0.00;110;110
0.01;12;12;0.00;0.00;20;20;1.87;0.21;0.14;0.00;110;110
0.01;12;12;0.00;0.00;20;20;1.87;0.21;0.14;0.00;110;110
0.01;12;12;0.00;0.00;20;20;1.87;0.21;0.14;0.00;110;110
0.01;12;12;0.00;0.00;20;20;1.87;0.21;0.14;0.00;110;110
0.01;12;12;0.00;0.00;20;20;1.87;0.21;0.14;0.00;110;110
0.01;12;12;0.00;0.00;20;20;1.87;0.21;0.14;0.00;110;110
0.01;12;12;0.00;0.00;20;20;1.87;0.21;0.14;0.00;110;110
0.01;12;12;0.00;0.00;20;20;1.87;0.21;0.14;0.00;110;110
0.01;12;12;0.00;0.00;20;20;1.87;0.21;0.14;0.00;110;110
0.01;12;12;0.00;0.00;20;20;1.87;0.21;0.14;0.00;110;110
0.01;12;12;0.00;0.00;20;20;1.87;0.21;0.14;0.00;110;110
0.01;12;12;0.00;0.00;20;20;1.87;0.21;0.14;0.00;110;110
0.01;12;12;0.00;0.00;20;20;1.87;0.21;0.14;0.00;110;110
0.01;12;12;0.00;0.00;20;20;1.87;0.21;0.14;0.00;110;110
0.01;12;12;0.00;0.00;20;20;1.87;0.21;0.14;0.00;110;110
0.01;12;12;0.00;0.00;20;20;1.87;0.21;0.14;0.00;110;110
0.01;12;12;0.00;0.00;20;20;1.87;0.21;0.14;0.00;110;110
0.01;12;12;0.00;0.00;20;20;1.87;0.21;0.14;0.00;110;110
0.01;12;12;0.00;0.00;20;20;1.87;0.21;0.14;0.00;110;110
0.01;12;12;0.00;0.00;20;20;1.87;0.21;0.14;0.00;110;110
0.01;12;12;0.00;0.00;20;20;1.87;0.21;0.14;0.00;110;110
0.01;12;12;0.00;0.00;20;20;1.87;0.21;0.14;0.00;110;110
0.01;12;12;0.00;0.00;20;20;1.87;0.21;0.14;0.00;110;110
0.01;12;12;0.00;0.00;20;20;1.87;0.21;0.14;0.00;110;110
0.01;12;12;0.00;0.00;20;20;1.87;0.21;0.14;0.00;110;110
0.01;12;11;0.00;0.00;20;20;1.87;0.21;0.14;0.00;110;110
0.01;12;12;0.00;0.00;20;20;1.87;0.21;0.14;0.00;110;110
0.01;12;12;0.00;0.00;20;20;1.87;0.21;0.14;0.00;110;110
0.01;12;12;0.00;0.00;20;20;1.87;0.21;0.14;0.00;110;110
0.01;12;12;0.00;0.00;20;20;1.87;0.21;0.14;0.00;110;110
0.01;12;12;0.00;0.00;20;20;1.87;0.21;0.14;0.00;110;110
0.01;12;12;0.00;0.00;20;20;1.87;0.21;0.14;0.00;110;110
0.01;12;12;0.00;0.00;20;20;1.87;0.21;0.14;0.00;110;110
0.01;12;12;0.00;0.00;20;20;1.87;0.21;0.14;0.00;110;110
0.01;12;12;0.00;0.00;20;20;1.87;0.21;0.14;0.00;110;110
0.01;12;12;0.00;0.00;20;20;1.87;0.21;0.14;0.00;110;110
0.01;12;12;0.00;0.00;20;20;1.87;0.21;0.14;0.00;110;110
0.01;12;12;0.00;0.00;20;20;1.87;0.21;0.14;0.00;110;110
0.01;12;12;0.00;0.00;20;20;1.87;0.21;0.14;0.00;110;110
0.01;12;12;0.00;0.00;20;20;1.87;0.21;0.14;0.00;110;110
0.01;12;12;0.00;0.00;20;20;1.87;0.21;0.14;0.00;110;110
0.01;12;12;0.00;0.00;20;20;1.87;0.21;0.14;0.00;110;110
0.01;12;12;0.00;0.00;20;20;1.87;0.21;0.14;0.00;110;110
0.01;12;12;0.00;0.00;20;20;1.87;0.21;0.14;0.00;110;110
0.01;12;12;0.00;0.00;20;20;1.87;0.21;0.14;0.00;110;110
0.01;12;12;0.00;0.00;20;20;1.87;0.21;0.14;0.00;110;110
0.01;12;12;0.00;0.00;20;20;1.87;0.21;0.14;0.00;110;110
0.01;12;12;0.00;0.00;20;20;1.87;0.21;0.14;0.00;110;110
0.01;12;12;0.00;0.00;20;20;1.87;0.21;0.14;0.00;110;110
0.01;12;12;0.00;0.00;20;20;1.87;0.21;0.14;0.00;110;110
0.01;12;12;0.00;0.00;20;20;1.87;0.21;0.14;0.00;110;110
0.01;12;12;0.00;0.00;20;20;1.87;0.21;0.14;0.00;110;110
0.01;12;12;0.00;0.00;20;20;1.87;0.21;0.14;0.00;110;110
0.01;12;12;0.00;0.00;20;20;1.87;0.21;0.14;0.00;110;110
0.01;12;12;0.00;0.00;20;20;1.87;0.21;0.14;0.00;110;110
0.01;12;12;0.00;0.00;20;20;1.87;0.21;0.14;0.00;110;110
0.01;12;12;0.00;0.00;20;20;1.87;0.21;0.14;0.00;110;110
0.01;12;12;0.00;0.00;20;20;1.87;0.21;0.14;0.00;110;110
0.01;12;12;0.00;0.00;20;20;1.87;0.21;0.14;0.00;110;110
0.01;12;12;0.00;0.00;20;20;1.87;0.21;0.14;0.00;110;110
0.01;12;12;0.00;0.00;20;20;1.87;0.21;0.14;0.00;110;110
0.01;12;12;0.00;0.00;20;20;1.87;0.21;0.14;0.00;110;110
0.01;12;12;0.00;0.00;20;20;1.87;0.21;0.14;0.00;110;110
0.01;12;12;0.00;0.00;20;20;1.87;0.21;0.14;0.00;110;110
0.01;12;12;0.00;0.00;20;20;1.87;0.21;0.14;0.00;110;110
0.01;12;12;0.00;0.00;20;20;1.87;0.21;0.14;0.00;110;110
0.01;12;12;0.00;0.00;20;20;1.87;0.21;0.14;0.00;110;110
0.01;12;12;0.00;0.00;20;20;1.87;0.21;0.14;0.00;110;110
0.01;12;12;0.00;0.00;20;20;1.87;0.21;0.14;0.00;110;110
0.01;12;12;0.00;0.00;20;20;1.87;0.21;0.14;0.00;110;110
0.01;12;12;0.00;0.00;20;20;1.87;0.21;0.14;0.00;110;110
0.01;12;12;0.00;0.00;20;20;1.87;0.21;0.14;0.00;110;110
0.02;12;12;0.00;0.00;20;20;1.87;0.21;0.14;0.00;110;110
0.01;12;12;0.00;0.00;20;20;1.87;0.21;0.14;0.00;110;110
0.01;12;12;0.00;0.00;20;20;1.87;0.21;0.14;0.00;110;110
0.01;12;12;0.00;0.00;20;20;1.87;0.21;0.14;0.00;110;110
0.01;12;12;0.00;0.00;20;20;1.87;0.21;0.14;0.00;110;110
0.01;12;12;0.00;0.00;20;20;1.87;0.21;0.14;0.00;110;110
0.01;12;12;0.00;0.00;20;20;1.87;0.21;0.14;0.00;110;110
0.01;12;12;0.00;0.00;20;20;1.87;0.21;0.14;0.00;110;110
0.01;12;12;0.00;0.00;20;20;1.87;0.21;0.14;0.00;110;110
0.02;12;12;0.00;0.00;20;20;1.87;0.21;0.14;-8.00;122;98
0.01;12;12;0.00;0.00;20;20;1.87;0.21;0.14;-8.00;122;98
0.01;12;12;0.00;0.00;20;20;1.87;0.21;0.14;-8.00;122;98
0.01;12;12;0.00;1.64;20;20;1.87;0.21;0.15;-8.00;122;98
0.01;12;12;1.64;0.00;20;20;1.87;0.21;0.14;-8.00;122;98
0.01;12;12;1.64;0.00;20;20;1.87;0.21;0.13;-8.00;122;98
0.01;12;12;0.00;0.00;20;20;1.87;0.21;0.13;-8.00;122;98
0.01;12;12;0.00;0.00;20;20;1.87;0.21;0.13;-8.00;122;98
0.01;12;12;1.64;0.00;20;20;1.87;0.21;0.13;-8.00;122;98
0.01;12;12;1.64;0.00;20;20;1.87;0.21;0.12;-8.00;122;98
0.01;12;12;0.00;0.00;20;20;1.87;0.21;0.12;-8.00;122;98
0.01;12;11;1.64;0.00;20;20;1.87;0.21;0.11;-9.00;118;102
0.01;12;12;0.00;1.64;20;20;1.87;0.21;0.12;-8.00;121;99
0.01;12;12;1.64;0.00;20;20;1.87;0.21;0.11;-8.00;122;98
0.01;12;11;1.64;0.00;20;20;1.87;0.21;0.10;-9.00;118;102
0.01;12;11;0.00;0.00;20;20;1.87;0.21;0.10;-9.00;118;102
0.01;11;11;1.64;1.64;20;20;1.87;0.21;0.10;-9.00;123;97
0.01;12;11;1.64;0.00;20;20;1.87;0.21;0.10;-9.00;118;102
0.01;11;11;1.64;0.00;20;20;1.87;0.21;0.09;-9.00;123;97
0.01;12;11;0.00;1.64;20;20;1.87;0.21;0.09;-9.00;118;102
0.01;12;11;1.64;0.00;20;20;1.87;0.21;0.09;-9.00;118;102
0.01;12;11;1.64;1.64;20;20;1.87;0.21;0.09;-9.00;118;102
0.01;12;12;1.64;1.64;20;20;1.87;0.21;0.09;-8.00;121;99
0.01;12;11;1.64;0.00;20;20;1.87;0.21;0.08;-9.00;118;102
0.01;12;11;1.64;1.64;20;20;1.88;0.21;0.08;-9.00;118;102
0.01;12;11;1.64;1.64;20;20;1.88;0.21;0.08;-9.00;118;102
0.02;12;11;1.64;1.64;20;20;1.88;0.21;0.08;-9.00;118;102
0.01;12;10;1.64;1.64;20;20;1.88;0.21;0.08;-9.00;113;107
0.01;13;11;1.64;0.00;20;20;1.88;0.21;0.07;-8.00;111;109
0.01;12;11;1.64;1.64;20;20;1.88;0.21;0.07;-9.00;119;101
0.01;12;11;1.64;1.64;20;20;1.88;0.21;0.07;-9.00;118;102
0.01;12;10;3.27;1.64;20;20;1.88;0.21;0.06;-9.00;113;107
0.01;13;10;1.64;3.27;20;20;1.88;0.21;0.07;-9.00;113;107
0.01;12;11;1.64;1.64;20;20;1.88;0.22;0.07;-9.00;119;101
0.02;12;11;3.27;1.64;20;20;1.88;0.22;0.06;-9.00;118;102
0.01;12;11;1.64;1.64;20;20;1.88;0.22;0.06;-9.00;118;102
0.01;12;11;3.27;1.64;20;20;1.89;0.22;0.05;-9.00;118;102
0.01;12;11;1.64;3.27;20;20;1.89;0.22;0.06;-9.00;118;102
0.01;12;11;3.27;1.64;20;20;1.89;0.22;0.05;-9.00;118;102
0.01;12;11;1.64;3.27;20;20;1.89;0.22;0.06;-9.00;118;102
0.02;12;11;1.64;1.64;20;20;1.89;0.22;0.06;-9.00;118;102
0.01;12;11;3.27;3.27;20;20;1.89;0.22;0.06;-9.00;118;102
0.01;12;11;3.27;1.64;20;20;1.89;0.22;0.05;-9.00;118;102
0.02;12;11;3.27;3.27;20;20;1.89;0.22;0.05;-9.00;118;102
0.01;13;11;1.64;1.64;20;20;1.90;0.22;0.05;-8.00;111;109
0.01;12;11;3.27;3.27;20;20;1.90;0.22;0.05;-9.00;119;101
0.01;13;11;3.27;3.27;20;20;1.90;0.22;0.05;-8.00;111;109
0.01;13;11;3.27;1.64;20;20;1.90;0.22;0.05;-8.00;112;108
0.01;13;11;3.27;3.27;20;20;1.90;0.22;0.05;-8.00;112;108
0.02;13;12;3.27;3.27;20;20;1.90;0.22;0.05;-8.00;118;102
0.01;13;11;3.27;1.64;20;20;1.90;0.22;0.04;-8.00;112;108
0.01;13;11;3.27;3.27;20;20;1.91;0.22;0.04;-8.00;112;108
0.01;12;11;3.27;3.27;20;20;1.91;0.22;0.04;-9.00;119;101
0.01;12;11;3.27;3.27;20;20;1.91;0.22;0.04;-9.00;118;102
0.01;12;11;3.27;3.27;20;20;1.91;0.22;0.04;-9.00;118;102
0.01;12;11;3.27;3.27;20;20;1.91;0.22;0.04;-9.00;118;102
0.01;13;11;3.27;3.27;20;20;1.91;0.22;0.04;-8.00;111;109
0.02;12;11;3.27;3.27;20;20;1.92;0.22;0.04;-9.00;119;101
0.01;13;11;3.27;3.27;20;20;1.92;0.22;0.04;-8.00;111;109
0.01;13;11;3.27;3.27;20;20;1.92;0.22;0.04;-8.00;112;108
0.02;13;11;4.91;3.27;20;20;1.92;0.22;0.03;-8.00;112;108
0.01;13;11;3.27;3.27;20;20;1.92;0.22;0.03;-8.00;112;108
0.01;13;11;3.27;3.27;20;20;1.92;0.22;0.03;-8.00;112;108
0.01;13;11;3.27;3.27;20;20;1.93;0.22;0.03;-8.00;112;108
0.01;13;12;3.27;3.27;20;20;1.93;0.22;0.03;-8.00;118;102
0.01;13;11;3.27;3.27;20;20;1.93;0.22;0.03;-8.00;112;108
0.02;13;11;4.91;3.27;20;20;1.93;0.22;0.02;-8.00;112;108
0.01;13;11;3.27;3.27;20;20;1.93;0.22;0.02;-8.00;112;108
0.01;12;12;3.27;3.27;20;20;1.93;0.22;0.02;-8.00;122;98
0.01;13;12;3.27;3.27;20;20;1.93;0.22;0.02;-8.00;117;103
0.01;13;11;4.91;3.27;20;20;1.94;0.22;0.01;-8.00;112;108
0.01;13;12;3.27;3.27;20;20;1.94;0.22;0.01;-8.00;118;102
0.01;13;12;3.27;3.27;20;20;1.94;0.22;0.01;-8.00;117;103
0.01;13;11;3.27;3.27;20;20;1.94;0.22;0.01;-8.00;112;108
0.01;14;11;4.91;3.27;20;20;1.94;0.22;0.01;-8.00;112;108
0.02;14;12;3.27;3.27;20;20;1.95;0.22;0.01;-7.00;111;109
0.01;13;11;3.27;4.91;20;20;1.95;0.22;0.01;-8.00;112;108
0.01;13;11;3.27;3.27;20;20;1.95;0.22;0.01;-8.00;112;108
0.01;13;11;4.91;3.27;20;20;1.95;0.22;0.01;-8.00;112;108
0.01;13;11;3.27;3.27;20;20;1.95;0.22;0.01;-8.00;112;108
0.01;13;12;3.27;3.27;20;20;1.95;0.22;0.01;-8.00;118;102
0.01;14;11;4.91;3.27;20;20;1.96;0.22;-0.00;-8.00;112;108
0.01;14;11;3.27;3.27;20;20;1.96;0.22;-0.00;-8.00;112;108
0.02;14;12;3.27;3.27;20;20;1.96;0.22;-0.00;-7.00;111;109
0.01;14;11;4.91;4.91;20;20;1.96;0.22;-0.00;-8.00;112;108
0.01;14;11;3.27;3.27;20;20;1.96;0.22;-0.00;-8.00;112;108
0.01;13;12;4.91;3.27;20;20;1.96;0.22;-0.01;-8.00;118;102
0.01;14;12;3.27;4.91;20;20;1.97;0.22;-0.00;-7.00;110;110
0.01;14;12;4.91;3.27;20;20;1.97;0.22;-0.01;-7.00;110;110
0.01;14;12;3.27;3.27;20;20;1.97;0.22;-0.01;-7.00;110;110
0.01;14;12;4.91;4.91;20;20;1.97;0.22;-0.01;-7.00;110;110
0.01;14;12;3.27;3.27;20;20;1.97;0.22;-0.01;-7.00;110;110
0.02;14;12;4.91;4.91;20;20;1.98;0.22;-0.01;-7.00;110;110
0.01;14;12;3.27;3.27;20;20;1.98;0.22;-0.01;-7.00;110;110
0.01;14;12;4.91;3.27;20;20;1.98;0.22;-0.02;-7.00;110;110
0.02;14;13;3.27;3.27;20;20;1.98;0.22;-0.02;-7.00;116;104
0.01;14;12;4.91;3.27;20;20;1.98;0.22;-0.03;-7.00;110;110
0.01;14;13;3.27;4.91;20;20;1.99;0.22;-0.02;-7.00;116;104
0.01;15;13;4.91;3.27;20;20;1.99;0.22;-0.03;-6.00;108;112
0.01;15;12;3.27;4.91;20;20;1.99;0.22;-0.02;-7.00;110;110
0.01;14;13;4.91;3.27;20;20;1.99;0.22;-0.03;-7.00;116;104
0.01;15;13;3.27;3.27;20;20;1.99;0.22;-0.03;-6.00;108;112
0.01;15;13;4.91;4.91;20;20;2.00;0.22;-0.03;-6.00;109;111
0.02;14;13;3.27;3.27;20;20;2.00;0.22;-0.03;-7.00;116;104
0.01;15;13;4.91;3.27;20;20;2.00;0.22;-0.03;-6.00;108;112
0.01;15;12;3.27;4.91;20;20;2.00;0.22;-0.02;-7.00;110;110
0.02;15;13;4.91;3.27;20;20;2.00;0.22;-0.03;-6.00;109;111
0.01;15;13;3.27;3.27;20;20;2.01;0.22;-0.03;-6.00;109;111
0.01;15;13;3.27;3.27;20;20;2.01;0.22;-0.03;-6.00;109;111
0.02;15;13;4.91;4.91;20;20;2.01;0.22;-0.03;-6.00;109;111
0.01;16;14;3.27;3.27;20;20;2.01;0.22;-0.03;-5.00;107;113
0.01;16;13;3.27;3.27;20;20;2.01;0.22;-0.03;-6.00;109;111
0.02;15;13;4.91;3.27;20;20;2.01;0.22;-0.04;-6.00;110;110
0.01;15;13;3.27;4.91;20;20;2.02;0.22;-0.03;-6.00;109;111
0.02;15;13;4.91;3.27;20;20;2.02;0.22;-0.04;-6.00;109;111
0.01;15;13;3.27;3.27;20;20;2.02;0.22;-0.04;-6.00;109;111
0.01;16;13;4.91;4.91;20;20;2.02;0.22;-0.04;-6.00;109;111
0.02;16;13;3.27;3.27;20;20;2.02;0.22;-0.04;-6.00;109;111
0.01;16;14;3.27;3.27;20;20;2.03;0.22;-0.04;-5.00;108;112
0.01;16;14;4.91;4.91;20;20;2.03;0.22;-0.04;-5.00;107;113
0.02;16;14;3.27;3.27;20;20;2.03;0.22;-0.04;-5.00;107;113
0.01;16;14;4.91;3.27;20;20;2.03;0.22;-0.05;-5.00;107;113
0.01;16;14;4.91;4.91;20;20;2.03;0.22;-0.05;-5.00;107;113
0.02;17;14;3.27;3.27;20;20;2.04;0.22;-0.05;-5.00;107;113
0.01;16;14;4.91;4.91;20;20;2.04;0.22;-0.05;-5.00;108;112
0.01;17;14;4.91;3.27;20;20;2.04;0.22;-0.06;-5.00;107;113
0.01;16;14;3.27;4.91;20;20;2.04;0.21;-0.05;-5.00;108;112
0.01;16;14;4.91;3.27;20;20;2.04;0.21;-0.06;-5.00;107;113
0.01;16;14;4.91;4.91;20;20;2.05;0.21;-0.06;-5.00;107;113
0.02;16;14;3.27;3.27;20;20;2.05;0.21;-0.06;-5.00;107;113
0.01;16;14;4.91;3.27;20;20;2.05;0.21;-0.07;-5.00;107;113
0.02;17;14;4.91;4.91;20;20;2.05;0.21;-0.07;-5.00;107;113
0.01;17;15;3.27;3.27;20;20;2.05;0.21;-0.07;-4.00;106;114
0.01;17;15;4.91;4.91;20;20;2.06;0.21;-0.07;-4.00;106;114
0.02;17;14;3.27;4.91;20;20;2.06;0.21;-0.06;-5.00;107;113
0.01;17;15;3.27;3.27;20;20;2.06;0.21;-0.06;-4.00;106;114
0.01;17;15;4.91;4.91;20;20;2.06;0.21;-0.06;-4.00;106;114
0.01;17;14;3.27;3.27;20;20;2.06;0.21;-0.06;-5.00;107;113
0.01;17;15;4.91;3.27;20;20;2.07;0.21;-0.07;-4.00;106;114
0.01;17;15;3.27;4.91;20;20;2.07;0.21;-0.06;-4.00;106;114
0.02;18;15;3.27;3.27;20;20;2.07;0.21;-0.06;-4.00;106;114
0.01;17;15;4.91;3.27;20;20;2.07;0.21;-0.06;-4.00;107;113
0.01;18;15;3.27;4.91;20;20;2.07;0.21;-0.06;-4.00;106;114
0.02;18;15;4.91;3.27;20;20;2.08;0.21;-0.07;-4.00;106;114
0.01;18;15;3.27;4.91;20;20;2.08;0.21;-0.06;-4.00;106;114
0.01;18;16;4.91;4.91;20;20;2.08;0.21;-0.06;-3.00;105;115
0.02;18;16;3.27;3.27;20;20;2.08;0.21;-0.06;-3.00;104;116
0.01;18;15;3.27;4.91;20;20;2.08;0.21;-0.05;-4.00;106;114
0.01;18;15;4.91;4.91;20;20;2.09;0.21;-0.05;-4.00;106;114
0.01;18;15;3.27;3.27;20;20;2.09;0.21;-0.05;-4.00;106;114
0.01;18;15;4.91;4.91;20;20;2.09;0.21;-0.05;-4.00;106;114
0.01;18;16;3.27;4.91;20;20;2.09;0.21;-0.04;-3.00;105;115
0.01;18;15;4.91;3.27;20;20;2.09;0.21;-0.05;-4.00;106;114
0.01;18;15;4.91;4.91;20;20;2.10;0.21;-0.05;-4.00;106;114
0.02;18;16;3.27;4.91;20;20;2.10;0.21;-0.04;-3.00;105;115
0.01;19;15;4.91;4.91;20;20;2.10;0.21;-0.04;-3.00;104;116
0.01;19;16;4.91;3.27;20;20;2.10;0.21;-0.05;-3.00;104;116
0.02;19;16;3.27;3.27;20;20;2.10;0.21;-0.05;-3.00;104;116
0.01;19;16;4.91;4.91;20;20;2.11;0.21;-0.05;-3.00;104;116
0.01;19;16;3.27;4.91;20;20;2.11;0.21;-0.04;-3.00;104;116
0.02;20;16;3.27;3.27;20;20;2.11;0.21;-0.04;-2.00;102;118
0.01;19;17;4.91;4.91;20;20;2.11;0.21;-0.04;-2.00;104;116
0.01;19;16;4.91;4.91;20;20;2.12;0.21;-0.04;-3.00;104;116
0.02;19;16;3.27;4.91;20;20;2.12;0.21;-0.03;-3.00;104;116
0.01;19;16;4.91;4.91;20;20;2.12;0.21;-0.03;-3.00;104;116
0.02;20;16;4.91;3.27;20;20;2.12;0.21;-0.04;-2.00;102;118
0.01;20;17;3.27;4.91;20;20;2.12;0.21;-0.03;-2.00;103;117
0.01;19;17;4.91;4.91;20;20;2.13;0.21;-0.03;-2.00;104;116
0.02;20;17;4.91;4.91;20;20;2.13;0.21;-0.03;-2.00;103;117
0.01;19;17;3.27;3.27;20;20;2.13;0.21;-0.03;-2.00;104;116
0.01;19;17;4.91;4.91;20;20;2.13;0.21;-0.03;-2.00;103;117
0.02;20;17;4.91;4.91;20;20;2.14;0.21;-0.03;-2.00;103;117
0.01;20;17;3.27;3.27;20;20;2.14;0.21;-0.03;-2.00;103;117
0.01;20;17;4.91;4.91;20;20;2.14;0.21;-0.03;-2.00;103;117
0.02;20;17;4.91;4.91;20;20;2.14;0.21;-0.03;-2.00;103;117
0.01;21;17;3.27;3.27;20;20;2.14;0.21;-0.03;-1.00;101;119
0.01;21;17;4.91;4.91;20;20;2.15;0.21;-0.03;-1.00;101;119
0.01;21;17;4.91;3.27;20;20;2.15;0.21;-0.04;-1.00;101;119
0.01;21;17;3.27;4.91;20;20;2.15;0.21;-0.03;-1.00;101;119
0.02;20;17;4.91;4.91;20;20;2.15;0.21;-0.03;-2.00;103;117
0.01;21;17;4.91;3.27;20;20;2.15;0.21;-0.04;-1.00;101;119
0.01;21;17;3.27;4.91;20;20;2.16;0.21;-0.04;-1.00;101;119
0.02;21;17;4.91;3.27;20;20;2.16;0.21;-0.04;-1.00;101;119
0.01;21;18;3.27;4.91;20;20;2.16;0.21;-0.04;-1.00;101;119
0.01;21;18;4.91;3.27;20;20;2.16;0.21;-0.04;-1.00;101;119
0.02;21;17;4.91;4.91;20;20;2.16;0.21;-0.04;-1.00;101;119
0.01;21;18;3.27;4.91;20;20;2.17;0.21;-0.04;-1.00;101;119
0.01;21;18;4.91;3.27;20;20;2.17;0.21;-0.04;-1.00;101;119
0.01;22;18;3.27;4.91;20;20;2.17;0.21;-0.04;0.00;100;120
0.01;21;18;3.27;4.91;20;20;2.17;0.21;-0.03;-1.00;101;119
0.01;22;18;4.91;3.27;20;20;2.17;0.21;-0.04;0.00;100;120
0.01;22;18;3.27;3.27;20;20;2.18;0.21;-0.04;0.00;100;120
0.01;22;19;4.91;4.91;20;20;2.18;0.21;-0.04;0.00;100;120
0.01;21;18;3.27;4.91;20;20;2.18;0.21;-0.03;-1.00;101;119
0.02;22;19;4.91;3.27;20;20;2.18;0.21;-0.04;0.00;100;120
0.01;22;18;4.91;3.27;20;20;2.18;0.21;-0.04;0.00;100;120
0.01;21;19;3.27;4.91;20;20;2.19;0.21;-0.04;0.00;101;119
0.01;22;19;4.91;4.91;20;20;2.19;0.21;-0.04;0.00;100;120
0.01;22;19;3.27;4.91;20;20;2.19;0.21;-0.03;0.00;100;120
0.01;22;19;4.91;4.91;20;20;2.19;0.21;-0.03;0.00;100;120
0.01;22;20;3.27;3.27;20;20;2.19;0.21;-0.03;1.00;100;120
0.01;22;19;4.91;3.27;20;20;2.20;0.21;-0.04;0.00;100;120
0.02;22;19;4.91;4.91;20;20;2.20;0.21;-0.04;0.00;100;120
0.01;22;20;3.27;4.91;20;20;2.20;0.21;-0.03;1.00;100;120
0.01;21;19;4.91;4.91;20;20;2.20;0.21;-0.03;0.00;100;120
0.02;21;20;3.27;4.91;20;20;2.21;0.21;-0.02;0.00;106;114
0.01;22;19;4.91;4.91;20;20;2.21;0.21;-0.02;0.00;100;120
0.01;22;19;3.27;4.91;20;20;2.21;0.21;-0.01;0.00;100;120
0.01;22;20;3.27;3.27;20;20;2.21;0.21;-0.01;1.00;100;120
0.01;22;20;4.91;3.27;20;20;2.21;0.21;-0.02;1.00;99;121
0.01;22;20;3.27;4.91;20;20;2.21;0.21;-0.01;1.00;99;121
0.01;22;20;4.91;4.91;20;20;2.22;0.21;-0.01;1.00;99;121
0.01;22;20;3.27;4.91;20;20;2.22;0.21;-0.00;1.00;99;121
0.01;22;20;4.91;4.91;20;20;2.22;0.21;-0.00;1.00;99;121
0.01;22;20;3.27;3.27;20;20;2.22;0.21;-0.00;1.00;99;121
0.01;22;20;3.27;3.27;20;20;2.22;0.21;-0.00;1.00;99;121
0.01;22;20;3.27;4.91;20;20;2.23;0.21;0.00;1.00;99;121
0.01;22;20;3.27;4.91;20;20;2.23;0.21;0.01;1.00;99;121
0.01;22;20;4.91;4.91;20;20;2.23;0.21;0.01;1.00;99;121
0.01;22;20;3.27;4.91;20;20;2.23;0.21;0.02;1.00;99;121
0.01;22;20;3.27;4.91;20;20;2.23;0.21;0.03;1.00;99;121
0.01;22;21;3.27;4.91;20;20;2.24;0.21;0.03;1.00;105;115
0.01;22;21;3.27;3.27;20;20;2.24;0.21;0.03;1.00;104;116
0.02;22;21;4.91;4.91;20;20;2.24;0.21;0.03;1.00;104;116
0.01;22;21;3.27;4.91;20;20;2.24;0.21;0.04;1.00;104;116
0.01;22;21;4.91;4.91;20;20;2.24;0.21;0.04;1.00;104;116
0.01;22;21;3.27;4.91;20;20;2.25;0.21;0.05;1.00;104;116
0.01;22;21;4.91;4.91;20;20;2.25;0.21;0.05;1.00;104;116
0.01;22;21;3.27;4.91;20;20;2.25;0.21;0.06;1.00;104;116
0.01;22;21;4.91;4.91;20;20;2.25;0.21;0.06;1.00;104;116
0.01;22;21;3.27;4.91;20;20;2.25;0.21;0.06;1.00;104;116
0.01;22;21;4.91;3.27;20;20;2.26;0.21;0.06;1.00;104;116
0.02;22;22;3.27;4.91;20;20;2.26;0.21;0.07;2.00;107;113
0.01;22;21;4.91;4.91;20;20;2.26;0.21;0.07;1.00;104;116
0.01;22;21;3.27;4.91;20;20;2.26;0.21;0.07;1.00;104;116
0.01;22;22;4.91;3.27;20;20;2.26;0.21;0.07;2.00;107;113
0.01;22;22;3.27;3.27;20;20;2.27;0.21;0.07;2.00;107;113
0.02;22;22;4.91;4.91;20;20;2.27;0.21;0.07;2.00;107;113
0.01;23;22;3.27;3.27;20;20;2.27;0.21;0.07;2.00;102;118
0.01;22;22;4.91;4.91;20;20;2.27;0.21;0.07;2.00;107;113
0.01;22;21;3.27;4.91;20;20;2.27;0.21;0.07;1.00;104;116
0.01;22;21;4.91;3.27;20;20;2.28;0.21;0.07;1.00;104;116
0.01;22;22;3.27;4.91;20;20;2.28;0.21;0.07;2.00;107;113
0.01;22;22;4.91;3.27;20;20;2.28;0.21;0.07;2.00;107;113
0.01;22;22;3.27;4.91;20;20;2.28;0.21;0.07;2.00;107;113
0.01;23;22;4.91;3.27;20;20;2.28;0.21;0.07;2.00;102;118
0.02;23;22;3.27;4.91;20;20;2.29;0.21;0.07;2.00;102;118
0.01;22;22;4.91;3.27;20;20;2.29;0.21;0.07;2.00;107;113
0.01;23;21;3.27;4.91;20;20;2.29;0.21;0.07;2.00;97;123
0.01;23;21;4.91;3.27;20;20;2.29;0.21;0.07;2.00;97;123
0.01;22;22;3.27;4.91;20;20;2.29;0.21;0.07;2.00;107;113
0.01;23;22;3.27;3.27;20;20;2.30;0.21;0.07;2.00;102;118
0.01;23;21;4.91;4.91;20;20;2.30;0.21;0.07;2.00;97;123
0.01;22;22;3.27;3.27;20;20;2.30;0.21;0.07;2.00;107;113
0.01;23;22;3.27;4.91;20;20;2.30;0.21;0.08;2.00;102;118
0.01;22;22;4.91;3.27;20;20;2.30;0.21;0.07;2.00;107;113
0.01;23;22;3.27;4.91;20;20;2.31;0.21;0.08;2.00;102;118
0.01;22;22;3.27;3.27;20;20;2.31;0.21;0.08;2.00;107;113
0.01;22;22;3.27;3.27;20;20;2.31;0.21;0.08;2.00;107;113
0.01;22;21;3.27;4.91;20;20;2.31;0.21;0.09;1.00;104;116
0.01;23;22;3.27;3.27;20;20;2.31;0.21;0.09;2.00;102;118
0.01;22;22;3.27;4.91;20;20;2.31;0.21;0.10;2.00;107;113
0.01;23;21;4.91;4.91;20;20;2.32;0.21;0.10;2.00;97;123
0.01;22;22;3.27;4.91;20;20;2.32;0.21;0.10;2.00;107;113
0.02;23;22;4.91;3.27;20;20;2.32;0.21;0.10;2.00;102;118
0.01;22;22;3.27;4.91;20;20;2.32;0.21;0.10;2.00;107;113
0.01;22;21;4.91;4.91;20;20;2.32;0.21;0.10;1.00;104;116
0.01;23;21;3.27;3.27;20;20;2.33;0.21;0.10;2.00;97;123
0.01;23;22;4.91;3.27;20;20;2.33;0.21;0.10;2.00;103;117
0.01;22;22;3.27;4.91;20;20;2.33;0.21;0.10;2.00;107;113
0.02;23;22;4.91;4.91;20;20;2.33;0.21;0.10;2.00;102;118
0.01;23;22;3.27;4.91;20;20;2.33;0.22;0.11;2.00;102;118
0.01;22;22;4.91;3.27;20;20;2.34;0.22;0.10;2.00;107;113
0.01;23;22;3.27;3.27;20;20;2.34;0.22;0.10;2.00;102;118
0.01;22;22;3.27;4.91;20;20;2.34;0.22;0.11;2.00;107;113
0.01;22;22;4.91;4.91;20;20;2.34;0.22;0.11;2.00;107;113
0.01;23;22;3.27;4.91;20;20;2.34;0.22;0.12;2.00;102;118
0.01;23;22;4.91;4.91;20;20;2.35;0.22;0.12;2.00;102;118
0.01;23;23;3.27;4.91;20;20;2.35;0.22;0.13;3.00;106;114
0.02;23;22;4.91;3.27;20;20;2.35;0.22;0.12;2.00;103;117
0.01;22;23;3.27;4.91;20;20;2.35;0.22;0.13;2.00;112;108
0.01;22;22;4.91;4.91;20;20;2.35;0.22;0.13;2.00;107;113
0.01;23;22;3.27;4.91;20;20;2.36;0.22;0.13;2.00;102;118
0.01;23;22;4.91;4.91;20;20;2.36;0.22;0.13;2.00;102;118
0.02;22;22;3.27;3.27;20;20;2.36;0.22;0.13;2.00;107;113
0.01;22;22;4.91;3.27;20;20;2.36;0.22;0.13;2.00;107;113
0.01;23;23;3.27;4.91;20;20;2.36;0.22;0.13;3.00;106;114
0.01;22;22;3.27;4.91;20;20;2.37;0.22;0.14;2.00;108;112
0.01;22;22;4.91;4.91;20;20;2.37;0.22;0.14;2.00;107;113
0.01;22;22;3.27;3.27;20;20;2.37;0.22;0.14;2.00;107;113
0.01;22;22;4.91;3.27;20;20;2.37;0.22;0.13;2.00;107;113
0.01;22;22;3.27;4.91;20;20;2.37;0.22;0.14;2.00;107;113
0.01;22;23;4.91;4.91;20;20;2.37;0.22;0.14;2.00;112;108
0.02;23;23;3.27;4.91;20;20;2.38;0.22;0.15;3.00;106;114
0.01;22;22;4.91;3.27;20;20;2.38;0.22;0.14;2.00;108;112
0.01;22;22;3.27;4.91;20;20;2.38;0.22;0.15;2.00;107;113
0.01;21;22;4.91;4.91;20;20;2.38;0.22;0.15;1.00;114;106
0.01;22;22;3.27;4.91;20;20;2.39;0.22;0.16;2.00;107;113
0.01;22;22;4.91;3.27;20;20;2.39;0.22;0.15;2.00;107;113
0.01;22;23;3.27;4.91;20;20;2.39;0.22;0.16;2.00;112;108
0.01;22;23;3.27;4.91;20;20;2.39;0.22;0.16;2.00;112;108
0.01;22;23;3.27;3.27;20;20;2.39;0.22;0.16;2.00;112;108
0.02;22;22;4.91;4.91;20;20;2.39;0.22;0.16;2.00;107;113
0.01;22;22;3.27;3.27;20;20;2.40;0.22;0.16;2.00;107;113
0.01;22;22;4.91;4.91;20;20;2.40;0.22;0.16;2.00;107;113
0.01;22;23;3.27;3.27;20;20;2.40;0.22;0.16;2.00;112;108
0.01;22;22;4.91;4.91;20;20;2.40;0.22;0.16;2.00;107;113
0.01;22;23;3.27;3.27;20;20;2.40;0.22;0.16;2.00;112;108
0.01;22;23;3.27;4.91;20;20;2.41;0.23;0.17;2.00;112;108
0.01;22;23;3.27;3.27;20;20;2.41;0.23;0.17;2.00;112;108
0.01;22;22;3.27;3.27;20;20;2.41;0.23;0.17;2.00;107;113
0.02;22;22;4.91;4.91;20;20;2.41;0.23;0.17;2.00;107;113
0.01;22;22;3.27;3.27;20;20;2.41;0.23;0.17;2.00;107;113
0.01;22;22;3.27;3.27;20;20;2.41;0.23;0.17;2.00;107;113
0.01;22;22;3.27;4.91;20;20;2.42;0.23;0.18;2.00;107;113
0.01;22;23;3.27;3.27;20;20;2.42;0.23;0.18;2.00;112;108
0.01;22;22;4.91;3.27;20;20;2.42;0.23;0.17;2.00;107;113
0.01;22;22;3.27;4.91;20;20;2.42;0.23;0.18;2.00;107;113
0.01;22;22;3.27;3.27;20;20;2.42;0.23;0.18;2.00;107;113
0.01;22;22;3.27;3.27;20;20;2.42;0.23;0.18;2.00;107;113
0.02;22;22;3.27;4.91;20;20;2.43;0.23;0.19;2.00;107;113
0.01;22;22;4.91;3.27;20;20;2.43;0.23;0.18;2.00;107;113
0.01;22;22;3.27;4.91;20;20;2.43;0.23;0.19;2.00;107;113
0.01;22;22;3.27;3.27;20;20;2.43;0.23;0.19;2.00;107;113
0.01;22;22;4.91;3.27;20;20;2.43;0.23;0.18;2.00;107;113
0.02;21;22;3.27;4.91;20;20;2.44;0.23;0.19;1.00;114;106
0.01;22;22;3.27;3.27;20;20;2.44;0.23;0.19;2.00;107;113
0.01;22;21;4.91;4.91;20;20;2.44;0.23;0.19;1.00;104;116
0.01;22;22;3.27;3.27;20;20;2.44;0.23;0.19;2.00;107;113
0.01;22;21;4.91;4.91;20;20;2.44;0.23;0.19;1.00;104;116
0.01;22;22;3.27;3.27;20;20;2.44;0.23;0.19;2.00;107;113
0.01;22;22;3.27;3.27;20;20;2.45;0.23;0.19;2.00;107;113
0.01;22;22;4.91;3.27;20;20;2.45;0.23;0.18;2.00;107;113
0.01;22;22;3.27;3.27;20;20;2.45;0.23;0.18;2.00;107;113
0.02;22;22;4.91;3.27;20;20;2.45;0.23;0.17;2.00;107;113
0.01;22;22;3.27;3.27;20;20;2.45;0.23;0.17;2.00;107;113
0.01;22;22;4.91;3.27;20;20;2.45;0.23;0.17;2.00;107;113
0.01;22;22;3.27;3.27;20;20;2.46;0.23;0.17;2.00;107;113
0.01;22;22;3.27;3.27;20;20;2.46;0.23;0.17;2.00;107;113
0.01;22;22;4.91;4.91;20;20;2.46;0.24;0.17;2.00;107;113
0.01;22;22;3.27;3.27;20;20;2.46;0.24;0.17;2.00;107;113
0.01;22;21;4.91;4.91;20;20;2.46;0.24;0.17;1.00;104;116
0.01;22;22;3.27;3.27;20;20;2.47;0.24;0.17;2.00;107;113
0.02;22;22;4.91;4.91;20;20;2.47;0.24;0.17;2.00;107;113
0.01;22;22;3.27;4.91;20;20;2.47;0.24;0.17;2.00;107;113
0.01;22;22;3.27;3.27;20;20;2.47;0.24;0.17;2.00;107;113
0.01;22;22;3.27;4.91;20;20;2.47;0.24;0.18;2.00;107;113
0.01;22;22;3.27;3.27;20;20;2.47;0.24;0.18;2.00;107;113
0.01;22;22;4.91;4.91;20;20;2.48;0.24;0.18;2.00;107;113
0.01;22;21;3.27;4.91;20;20;2.48;0.24;0.19;1.00;104;116
0.01;22;22;4.91;3.27;20;20;2.48;0.24;0.18;2.00;107;113
0.01;22;22;3.27;4.91;20;20;2.48;0.24;0.19;2.00;107;113
0.02;21;22;3.27;3.27;20;20;2.48;0.24;0.19;1.00;114;106
0.01;22;22;3.27;3.27;20;20;2.49;0.24;0.19;2.00;107;113
0.01;21;22;4.91;3.27;20;20;2.49;0.24;0.18;1.00;114;106
0.01;22;22;3.27;3.27;20;20;2.49;0.24;0.18;2.00;107;113
0.01;21;22;3.27;3.27;20;20;2.49;0.24;0.18;1.00;114;106
0.01;22;22;3.27;3.27;20;20;2.49;0.24;0.18;2.00;107;113
0.01;22;22;3.27;4.91;20;20;2.49;0.24;0.19;2.00;107;113
0.01;22;22;4.91;3.27;20;20;2.50;0.24;0.18;2.00;107;113
0.01;21;22;3.27;4.91;20;20;2.50;0.24;0.19;1.00;114;106
0.02;21;22;3.27;3.27;20;20;2.50;0.24;0.19;1.00;114;106
0.01;21;22;3.27;3.27;20;20;2.50;0.24;0.19;1.00;114;106
0.01;21;21;3.27;4.91;20;20;2.50;0.24;0.20;1.00;109;111
0.01;21;22;4.91;3.27;20;20;2.50;0.24;0.19;1.00;114;106
0.01;21;21;3.27;4.91;20;20;2.51;0.24;0.20;1.00;109;111
0.02;21;22;3.27;3.27;20;20;2.51;0.24;0.20;1.00;114;106
0.01;21;22;3.27;3.27;20;20;2.51;0.24;0.20;1.00;114;106
0.01;21;22;3.27;3.27;20;20;2.51;0.24;0.20;1.00;114;106
0.01;21;22;4.91;4.91;20;20;2.51;0.25;0.20;1.00;114;106
0.01;20;22;3.27;3.27;20;20;2.52;0.25;0.20;1.00;119;101
0.01;21;22;3.27;3.27;20;20;2.52;0.25;0.20;1.00;113;107
0.01;21;21;4.91;3.27;20;20;2.52;0.25;0.19;1.00;109;111
0.01;21;21;3.27;4.91;20;20;2.52;0.25;0.20;1.00;109;111
0.01;21;22;3.27;3.27;20;20;2.52;0.25;0.20;1.00;114;106
0.02;20;21;3.27;3.27;20;20;2.52;0.25;0.20;0.00;115;105
0.01;20;21;3.27;3.27;20;20;2.52;0.25;0.20;0.00;115;105
0.01;20;21;3.27;3.27;20;20;2.53;0.25;0.20;0.00;115;105
0.01;20;21;3.27;3.27;20;20;2.53;0.25;0.20;0.00;115;105
0.01;21;21;4.91;3.27;20;20;2.53;0.25;0.19;1.00;109;111
0.01;20;21;3.27;3.27;20;20;2.53;0.25;0.19;0.00;115;105
0.01;20;21;3.27;3.27;20;20;2.53;0.25;0.19;0.00;115;105
0.01;20;21;3.27;3.27;20;20;2.53;0.25;0.19;0.00;115;105
0.01;20;21;4.91;3.27;20;20;2.54;0.25;0.18;0.00;115;105
0.02;20;21;3.27;3.27;20;20;2.54;0.25;0.18;0.00;115;105
0.01;20;21;3.27;3.27;20;20;2.54;0.25;0.18;0.00;115;105
0.01;20;21;3.27;3.27;20;20;2.54;0.25;0.18;0.00;115;105
0.01;20;21;3.27;3.27;20;20;2.54;0.25;0.18;0.00;115;105
0.01;20;21;4.91;3.27;20;20;2.54;0.25;0.18;0.00;115;105
0.01;20;21;3.27;3.27;20;20;2.55;0.25;0.18;0.00;115;105
0.01;20;21;3.27;3.27;20;20;2.55;0.25;0.18;0.00;115;105
0.01;20;20;3.27;3.27;20;20;2.55;0.25;0.18;0.00;110;110
0.01;20;21;3.27;3.27;20;20;2.55;0.25;0.18;0.00;115;105
0.02;20;20;4.91;3.27;20;20;2.55;0.25;0.17;0.00;110;110
0.01;20;20;3.27;3.27;20;20;2.55;0.25;0.17;0.00;110;110
0.01;20;21;3.27;3.27;20;20;2.56;0.25;0.17;0.00;115;105
0.01;21;21;3.27;3.27;20;20;2.56;0.25;0.17;1.00;109;111
0.01;20;20;4.91;3.27;20;20;2.56;0.25;0.16;0.00;110;110
0.01;20;20;3.27;3.27;20;20;2.56;0.25;0.16;0.00;110;110
0.01;20;20;3.27;3.27;20;20;2.56;0.25;0.16;0.00;110;110
0.01;20;20;3.27;3.27;20;20;2.56;0.25;0.16;0.00;110;110
0.01;20;20;3.27;3.27;20;20;2.56;0.25;0.16;0.00;110;110
0.01;20;20;4.91;3.27;20;20;2.57;0.25;0.15;0.00;110;110
0.01;20;20;3.27;3.27;20;20;2.57;0.26;0.15;0.00;110;110
0.01;20;20;3.27;3.27;20;20;2.57;0.26;0.15;0.00;110;110
0.01;20;20;3.27;3.27;20;20;2.57;0.26;0.15;0.00;110;110
0.01;20;20;3.27;3.27;20;20;2.57;0.26;0.15;0.00;110;110
0.02;20;20;3.27;3.27;20;20;2.57;0.26;0.15;0.00;110;110
0.01;20;20;3.27;3.27;20;20;2.58;0.26;0.15;0.00;110;110
0.01;20;20;3.27;3.27;20;20;2.58;0.26;0.15;0.00;110;110
0.01;20;20;4.91;3.27;30;20;2.58;0.26;0.14;-10.00;125;95
0.01;20;20;3.27;4.91;30;20;2.58;0.26;0.15;-10.00;125;95
0.01;20;19;4.91;3.27;30;20;2.58;0.26;0.14;-11.00;121;99
0.02;20;19;3.27;3.27;30;20;2.59;0.26;0.14;-11.00;121;99
0.01;20;19;3.27;3.27;30;20;2.59;0.26;0.14;-11.00;121;99
0.01;19;20;3.27;4.91;30;20;2.59;0.26;0.15;-11.00;131;89
0.01;20;20;3.27;3.27;30;20;2.59;0.26;0.15;-10.00;124;96
0.01;20;20;4.91;3.27;30;20;2.59;0.26;0.14;-10.00;125;95
0.01;20;20;3.27;3.27;30;20;2.59;0.26;0.14;-10.00;125;95
0.01;20;19;4.91;4.91;30;20;2.60;0.26;0.14;-11.00;121;99
0.01;20;19;3.27;3.27;30;20;2.60;0.26;0.14;-11.00;121;99
0.01;20;19;4.91;3.27;30;20;2.60;0.26;0.14;-11.00;121;99
0.02;20;19;4.91;4.91;30;20;2.60;0.26;0.14;-11.00;121;99
0.01;20;19;3.27;3.27;30;20;2.60;0.26;0.14;-11.00;121;99
0.01;20;18;4.91;3.27;30;20;2.61;0.26;0.13;-11.00;116;104
0.02;20;19;3.27;4.91;30;20;2.61;0.26;0.14;-11.00;122;98
0.01;20;19;4.91;3.27;30;20;2.61;0.26;0.13;-11.00;121;99
0.01;20;19;3.27;3.27;30;20;2.61;0.26;0.13;-11.00;121;99
0.01;20;19;4.91;4.91;30;20;2.61;0.26;0.13;-11.00;121;99
0.01;20;19;3.27;3.27;30;20;2.61;0.26;0.13;-11.00;121;99
0.01;20;19;4.91;3.27;30;20;2.62;0.26;0.12;-11.00;121;99
0.01;20;19;3.27;4.91;30;20;2.62;0.26;0.13;-11.00;121;99
0.01;20;19;3.27;3.27;30;20;2.62;0.26;0.13;-11.00;121;99
0.01;20;19;4.91;3.27;30;20;2.62;0.26;0.12;-11.00;121;99
0.01;20;19;3.27;4.91;30;20;2.62;0.26;0.13;-11.00;121;99
0.01;20;19;4.91;3.27;30;20;2.63;0.26;0.12;-11.00;121;99
0.02;20;20;3.27;3.27;30;20;2.63;0.26;0.12;-10.00;124;96
0.01;20;19;4.91;4.91;30;20;2.63;0.26;0.12;-11.00;121;99
0.01;20;19;4.91;3.27;30;20;2.63;0.26;0.11;-11.00;121;99
0.01;21;19;3.27;3.27;30;20;2.63;0.26;0.11;-10.00;114;106
0.01;20;19;4.91;4.91;30;20;2.64;0.26;0.11;-11.00;122;98
0.01;21;19;3.27;3.27;30;20;2.64;0.26;0.11;-10.00;114;106
0.02;20;19;4.91;4.91;30;20;2.64;0.26;0.11;-11.00;122;98
0.01;20;19;4.91;3.27;30;20;2.64;0.27;0.11;-11.00;121;99
0.01;20;19;3.27;3.27;30;20;2.64;0.27;0.11;-11.00;121;99
0.02;20;19;4.91;4.91;30;20;2.65;0.27;0.11;-11.00;121;99
0.01;21;19;4.91;3.27;30;20;2.65;0.27;0.10;-10.00;114;106
0.01;21;19;3.27;3.27;30;20;2.65;0.27;0.10;-10.00;115;105
0.01;20;20;4.91;3.27;30;20;2.65;0.27;0.09;-10.00;125;95
0.01;21;20;4.91;3.27;30;20;2.65;0.27;0.08;-10.00;120;100
0.01;21;18;4.91;3.27;30;20;2.66;0.27;0.07;-11.00;116;104
0.01;21;20;3.27;3.27;30;20;2.66;0.27;0.07;-10.00;120;100
0.01;21;20;3.27;4.91;30;20;2.66;0.27;0.08;-10.00;120;100
0.02;21;19;4.91;3.27;30;20;2.66;0.27;0.07;-10.00;115;105
0.01;21;20;4.91;4.91;30;20;2.66;0.27;0.07;-10.00;121;99
0.01;22;19;4.91;3.27;30;20;2.67;0.27;0.07;-10.00;115;105
0.02;21;19;3.27;4.91;30;20;2.67;0.27;0.08;-10.00;116;104
0.01;22;20;3.27;3.27;30;20;2.67;0.27;0.08;-9.00;113;107
0.01;21;20;4.91;3.27;30;20;2.67;0.27;0.07;-10.00;121;99
0.01;21;19;4.91;4.91;30;20;2.67;0.27;0.07;-10.00;115;105
0.01;22;19;4.91;3.27;30;20;2.68;0.27;0.06;-10.00;115;105
0.01;22;19;3.27;3.27;30;20;2.68;0.27;0.06;-10.00;115;105
0.02;22;19;4.91;3.27;30;20;2.68;0.27;0.05;-10.00;115;105
0.01;22;19;4.91;4.91;30;20;2.68;0.27;0.05;-10.00;115;105
0.01;22;19;4.91;3.27;30;20;2.68;0.27;0.04;-10.00;115;105
0.02;22;20;3.27;3.27;30;20;2.68;0.27;0.04;-9.00;114;106
0.01;22;19;4.91;3.27;30;20;2.69;0.27;0.04;-10.00;115;105
0.01;22;19;4.91;3.27;30;20;2.69;0.27;0.03;-10.00;115;105
0.02;22;20;4.91;3.27;30;20;2.69;0.27;0.02;-9.00;114;106
0.01;22;19;4.91;3.27;30;20;2.69;0.27;0.01;-10.00;115;105
0.02;23;19;3.27;3.27;30;20;2.69;0.27;0.01;-9.00;113;107
0.01;23;20;3.27;3.27;30;20;2.70;0.27;0.01;-9.00;113;107
0.01;23;20;4.91;3.27;30;20;2.70;0.27;0.00;-9.00;113;107
0.01;23;19;4.91;3.27;30;20;2.70;0.27;-0.00;-9.00;113;107
0.01;23;20;3.27;3.27;30;20;2.70;0.27;-0.00;-9.00;113;107
0.01;23;20;3.27;3.27;30;20;2.70;0.27;-0.00;-9.00;113;107
0.02;23;20;4.91;4.91;30;20;2.71;0.27;-0.00;-9.00;113;107
0.01;23;20;4.91;3.27;30;20;2.71;0.27;-0.01;-9.00;113;107
0.01;23;20;4.91;3.27;30;20;2.71;0.27;-0.02;-9.00;113;107
0.02;24;20;4.91;4.91;30;20;2.71;0.27;-0.02;-8.00;111;109
0.01;24;20;4.91;3.27;30;20;2.71;0.27;-0.03;-8.00;112;108
0.01;24;20;3.27;4.91;30;20;2.72;0.27;-0.02;-8.00;112;108
0.02;24;20;4.91;3.27;30;20;2.72;0.27;-0.03;-8.00;112;108
0.01;24;20;4.91;4.91;30;20;2.72;0.27;-0.03;-8.00;112;108
0.01;24;21;4.91;3.27;30;20;2.72;0.27;-0.03;-8.00;112;108
0.02;24;21;4.91;4.91;30;20;2.72;0.27;-0.03;-8.00;112;108
0.01;25;21;4.91;4.91;30;20;2.73;0.27;-0.03;-7.00;110;110
0.02;25;21;4.91;3.27;30;20;2.73;0.27;-0.04;-7.00;110;110
0.01;25;21;4.91;4.91;30;20;2.73;0.27;-0.04;-7.00;110;110
0.01;25;21;4.91;3.27;30;20;2.73;0.27;-0.05;-7.00;110;110
0.02;25;21;4.91;3.27;30;20;2.74;0.27;-0.06;-7.00;110;110
0.01;26;21;4.91;4.91;30;20;2.74;0.27;-0.06;-7.00;110;110
0.01;26;21;4.91;4.91;30;20;2.74;0.27;-0.06;-7.00;110;110
0.02;26;21;4.91;3.27;30;20;2.74;0.27;-0.07;-7.00;110;110
0.01;26;21;3.27;4.91;30;20;2.74;0.27;-0.06;-7.00;110;110
0.01;27;22;3.27;4.91;30;20;2.75;0.27;-0.05;-6.00;108;112
0.02;26;22;4.91;4.91;30;20;2.75;0.27;-0.05;-6.00;109;111
0.01;27;22;4.91;4.91;30;20;2.75;0.27;-0.05;-6.00;109;111
0.01;26;22;4.91;4.91;30;20;2.75;0.27;-0.05;-6.00;109;111
0.01;27;22;4.91;3.27;30;20;2.76;0.27;-0.06;-6.00;109;111
0.01;28;22;4.91;4.91;30;20;2.76;0.27;-0.06;-5.00;107;113
0.01;27;22;3.27;4.91;30;20;2.76;0.27;-0.05;-6.00;109;111
0.01;27;23;3.27;4.91;30;20;2.76;0.27;-0.04;-5.00;107;113
0.01;27;22;4.91;4.91;30;20;2.76;0.27;-0.04;-6.00;109;111
0.02;27;23;4.91;3.27;30;20;2.77;0.27;-0.05;-5.00;107;113
0.01;27;23;4.91;3.27;30;20;2.77;0.27;-0.06;-5.00;107;113
0.01;28;23;4.91;4.91;30;20;2.77;0.27;-0.06;-5.00;107;113
0.02;28;23;4.91;4.91;30;20;2.77;0.27;-0.06;-5.00;107;113
0.01;27;22;4.91;4.91;30;20;2.78;0.27;-0.06;-6.00;109;111
0.01;27;23;4.91;4.91;30;20;2.78;0.27;-0.06;-5.00;107;113
0.01;27;23;3.27;4.91;30;20;2.78;0.27;-0.05;-5.00;107;113
0.01;27;23;3.27;4.91;30;20;2.78;0.26;-0.05;-5.00;107;113
0.01;27;24;4.91;4.91;30;20;2.78;0.26;-0.05;-5.00;107;113
0.01;28;24;4.91;4.91;30;20;2.79;0.26;-0.05;-4.00;105;115
0.01;27;24;4.91;4.91;30;20;2.79;0.26;-0.05;-5.00;107;113
0.01;28;24;4.91;4.91;30;20;2.79;0.26;-0.05;-4.00;105;115
0.02;28;24;4.91;4.91;30;20;2.79;0.26;-0.05;-4.00;106;114
0.01;28;24;4.91;4.91;30;20;2.80;0.26;-0.05;-4.00;106;114
0.01;28;24;4.91;4.91;30;20;2.80;0.26;-0.05;-4.00;106;114
0.02;28;24;4.91;4.91;30;20;2.80;0.26;-0.05;-4.00;106;114
0.01;28;24;4.91;4.91;30;20;2.80;0.26;-0.05;-4.00;106;114
0.02;28;25;3.27;4.91;30;20;2.81;0.26;-0.04;-4.00;106;114
0.01;28;25;3.27;3.27;30;20;2.81;0.26;-0.04;-4.00;106;114
0.01;28;25;4.91;4.91;30;20;2.81;0.26;-0.04;-4.00;106;114
0.01;29;25;4.91;4.91;30;20;2.81;0.26;-0.04;-3.00;104;116
0.01;29;25;4.91;4.91;30;20;2.81;0.26;-0.04;-3.00;104;116
0.01;29;25;4.91;4.91;30;20;2.82;0.26;-0.04;-3.00;104;116
0.02;29;25;4.91;3.27;30;20;2.82;0.26;-0.05;-3.00;104;116
0.01;29;25;3.27;3.27;30;20;2.82;0.26;-0.05;-3.00;104;116
0.01;29;26;3.27;4.91;30;20;2.82;0.26;-0.04;-3.00;104;116
0.02;29;25;4.91;4.91;30;20;2.82;0.26;-0.04;-3.00;104;116
0.01;29;26;4.91;4.91;30;20;2.83;0.26;-0.04;-3.00;104;116
0.01;29;26;4.91;3.27;30;20;2.83;0.26;-0.05;-3.00;104;116
0.02;30;26;4.91;4.91;30;20;2.83;0.26;-0.05;-2.00;102;118
0.01;30;26;3.27;4.91;30;20;2.83;0.26;-0.04;-2.00;103;117
0.01;30;26;4.91;3.27;30;20;2.84;0.26;-0.04;-2.00;103;117
0.02;30;26;4.91;4.91;30;20;2.84;0.26;-0.04;-2.00;103;117
0.01;30;26;4.91;4.91;30;20;2.84;0.26;-0.04;-2.00;103;117
0.02;30;27;4.91;3.27;30;20;2.84;0.26;-0.05;-2.00;103;117
0.01;30;27;3.27;4.91;30;20;2.84;0.26;-0.05;-2.00;103;117
0.01;31;27;3.27;4.91;30;20;2.85;0.26;-0.04;-1.00;101;119
0.02;31;27;4.91;4.91;30;20;2.85;0.26;-0.04;-1.00;101;119
0.01;31;27;4.91;3.27;30;20;2.85;0.26;-0.05;-1.00;101;119
0.01;31;27;4.91;4.91;30;20;2.85;0.26;-0.05;-1.00;101;119
0.02;31;27;4.91;4.91;30;20;2.86;0.26;-0.05;-1.00;101;119
0.01;32;27;4.91;4.91;30;20;2.86;0.26;-0.05;-1.00;101;119
0.01;32;28;3.27;4.91;30;20;2.86;0.26;-0.04;0.00;100;120
0.02;31;28;4.91;4.91;30;20;2.86;0.26;-0.04;-1.00;101;119
0.01;32;28;4.91;4.91;30;20;2.86;0.26;-0.04;0.00;100;120
0.01;32;28;4.91;4.91;30;20;2.87;0.26;-0.04;0.00;100;120
0.02;32;28;4.91;4.91;30;20;2.87;0.26;-0.04;0.00;100;120
0.01;32;28;3.27;4.91;30;20;2.87;0.26;-0.03;0.00;100;120
0.01;32;28;4.91;4.91;30;20;2.87;0.26;-0.03;0.00;100;120
0.02;32;28;4.91;4.91;30;20;2.88;0.26;-0.03;0.00;100;120
0.01;32;28;4.91;4.91;30;20;2.88;0.26;-0.03;0.00;100;120
0.01;33;29;3.27;4.91;30;20;2.88;0.26;-0.02;1.00;99;121
0.01;32;29;3.27;4.91;30;20;2.88;0.26;-0.01;0.00;100;120
0.01;32;29;4.91;4.91;30;20;2.89;0.26;-0.01;0.00;100;120
0.01;33;29;4.91;4.91;30;20;2.89;0.26;-0.01;1.00;99;121
0.01;33;29;3.27;4.91;30;20;2.89;0.26;-0.01;1.00;99;121
0.01;33;29;4.91;4.91;30;20;2.89;0.26;-0.01;1.00;99;121
0.02;33;29;4.91;4.91;30;20;2.89;0.26;-0.01;1.00;99;121
0.01;34;29;3.27;4.91;30;20;2.90;0.26;0.00;1.00;99;121
0.01;34;29;4.91;4.91;30;20;2.90;0.26;0.00;1.00;99;121
0.01;34;29;4.91;4.91;30;20;2.90;0.26;0.00;1.00;99;121
0.01;34;29;3.27;4.91;30;20;2.90;0.26;0.01;1.00;99;121
0.01;33;29;4.91;4.91;30;20;2.90;0.26;0.01;1.00;99;121
0.01;33;30;3.27;4.91;30;20;2.91;0.26;0.02;1.00;99;121
0.01;34;29;4.91;4.91;30;20;2.91;0.26;0.02;1.00;99;121
0.01;34;30;3.27;4.91;30;20;2.91;0.26;0.02;2.00;97;123
0.01;34;30;4.91;4.91;30;20;2.91;0.26;0.02;2.00;97;123
0.01;35;30;4.91;4.91;30;20;2.92;0.26;0.02;2.00;97;123
0.01;35;30;3.27;4.91;30;20;2.92;0.26;0.03;2.00;97;123
0.01;34;30;4.91;4.91;30;20;2.92;0.26;0.03;2.00;97;123
0.01;34;30;3.27;4.91;30;20;2.92;0.26;0.04;2.00;97;123
0.01;33;30;3.27;4.91;30;20;2.92;0.26;0.05;1.00;99;121
0.01;33;30;4.91;4.91;30;20;2.93;0.26;0.05;1.00;99;121
0.01;33;31;3.27;4.91;30;20;2.93;0.26;0.05;2.00;98;122
0.01;33;30;4.91;4.91;30;20;2.93;0.26;0.05;1.00;99;121
0.01;34;31;3.27;4.91;30;20;2.93;0.26;0.06;2.00;97;123
0.01;34;31;3.27;4.91;30;20;2.93;0.26;0.07;2.00;97;123
0.01;34;30;4.91;4.91;30;20;2.94;0.26;0.07;2.00;97;123
0.01;33;30;3.27;4.91;30;20;2.94;0.26;0.08;1.00;99;121
0.01;34;31;4.91;4.91;30;20;2.94;0.26;0.08;2.00;97;123
0.01;33;31;3.27;4.91;30;20;2.94;0.26;0.08;2.00;98;122
0.01;33;30;4.91;4.91;30;20;2.94;0.26;0.08;1.00;99;121
0.01;33;31;3.27;4.91;30;20;2.95;0.26;0.09;2.00;98;122
0.01;33;31;4.91;4.91;30;20;2.95;0.26;0.09;2.00;97;123
0.01;33;31;3.27;4.91;30;20;2.95;0.26;0.10;2.00;97;123
0.01;33;31;4.91;3.27;30;20;2.95;0.26;0.09;2.00;97;123
0.01;33;32;3.27;3.27;30;20;2.95;0.26;0.09;2.00;103;117
0.01;33;32;4.91;4.91;30;20;2.96;0.26;0.09;2.00;102;118
0.01;33;31;4.91;4.91;30;20;2.96;0.26;0.09;2.00;97;123
0.01;33;31;3.27;4.91;30;20;2.96;0.26;0.10;2.00;97;123
0.01;34;31;4.91;4.91;30;20;2.96;0.26;0.10;2.00;97;123
0.01;33;32;3.27;3.27;30;20;2.96;0.26;0.10;2.00;103;117
0.01;33;32;4.91;3.27;30;20;2.97;0.26;0.09;2.00;102;118
0.01;33;32;3.27;4.91;30;20;2.97;0.26;0.10;2.00;102;118
0.01;34;32;4.91;4.91;30;20;2.97;0.27;0.10;3.00;96;124
0.01;34;32;3.27;4.91;30;20;2.97;0.27;0.11;3.00;96;124
0.01;34;32;4.91;3.27;30;20;2.97;0.27;0.10;3.00;96;124
0.01;34;32;3.27;4.91;30;20;2.98;0.27;0.11;3.00;96;124
0.01;34;32;3.27;4.91;30;20;2.98;0.27;0.11;3.00;96;124
0.01;34;32;4.91;4.91;30;20;2.98;0.27;0.11;3.00;96;124
0.01;33;33;3.27;3.27;30;20;2.98;0.27;0.11;3.00;106;114
0.01;34;32;4.91;3.27;30;20;2.98;0.27;0.11;3.00;96;124
0.01;34;33;3.27;4.91;30;20;2.99;0.27;0.11;3.00;102;118
0.01;33;33;4.91;4.91;30;20;2.99;0.27;0.11;3.00;106;114
0.01;33;33;3.27;4.91;30;20;2.99;0.27;0.12;3.00;106;114
0.02;33;33;3.27;4.91;30;20;2.99;0.27;0.13;3.00;106;114
0.01;33;33;4.91;4.91;30;20;2.99;0.27;0.13;3.00;106;114
0.01;33;33;3.27;4.91;30;20;3.00;0.27;0.14;3.00;106;114
0.01;33;33;3.27;4.91;30;20;3.00;0.27;0.15;3.00;106;114
0.01;33;33;4.91;4.91;30;20;3.00;0.27;0.15;3.00;106;114
0.01;33;32;3.27;4.91;30;20;3.00;0.27;0.15;2.00;103;117
0.01;34;33;4.91;4.91;30;20;3.00;0.27;0.15;3.00;101;119
0.01;34;32;4.91;4.91;30;20;3.01;0.27;0.15;3.00;96;124
0.01;34;33;3.27;4.91;30;20;3.01;0.27;0.16;3.00;102;118
0.01;34;33;4.91;4.91;30;20;3.01;0.27;0.16;3.00;101;119
0.01;34;33;3.27;4.91;30;20;3.01;0.27;0.17;3.00;101;119
0.01;35;32;4.91;4.91;30;20;3.01;0.27;0.17;3.00;96;124
0.01;35;33;3.27;3.27;30;20;3.02;0.27;0.17;4.00;95;125
0.01;37;33;3.27;3.27;30;20;3.02;0.27;0.17;5.00;93;127
0.01;68;33;4.91;4.91;30;20;3.02;0.27;0.17;20.00;70;150
0.01;68;33;3.27;4.91;30;20;3.02;0.27;0.18;20.00;70;150
0.01;35;33;3.27;3.27;30;20;3.02;0.27;0.18;4.00;99;121
0.01;35;33;4.91;4.91;30;20;3.03;0.27;0.18;4.00;94;126
0.01;35;33;3.27;4.91;30;20;3.03;0.27;0.18;4.00;94;126
0.01;35;33;4.91;4.91;30;20;3.03;0.27;0.18;4.00;94;126
0.01;34;33;3.27;4.91;30;20;3.03;0.27;0.19;3.00;102;118
0.01;35;33;3.27;4.91;30;20;3.03;0.27;0.20;4.00;94;126
0.01;34;33;4.91;4.91;30;20;3.04;0.28;0.20;3.00;102;118
0.01;34;34;3.27;4.91;30;20;3.04;0.28;0.21;4.00;104;116
0.02;34;34;3.27;4.91;30;20;3.04;0.28;0.22;4.00;104;116
0.01;34;33;4.91;4.91;30;20;3.04;0.28;0.22;3.00;101;119
0.01;33;35;3.27;4.91;30;20;3.04;0.28;0.22;4.00;114;106
0.01;34;34;3.27;4.91;30;20;3.05;0.28;0.23;4.00;104;116
0.01;34;35;4.91;4.91;30;20;3.05;0.28;0.23;4.00;109;111
0.02;33;36;3.27;4.91;30;20;3.05;0.28;0.24;4.00;114;106
0.01;33;35;3.27;3.27;30;20;3.05;0.28;0.24;4.00;113;107
0.01;33;34;4.91;4.91;30;20;3.05;0.28;0.24;3.00;110;110
0.01;33;35;3.27;4.91;30;20;3.06;0.28;0.25;4.00;114;106
0.01;33;34;3.27;4.91;30;20;3.06;0.28;0.26;3.00;110;110
0.01;33;34;3.27;4.91;30;20;3.06;0.28;0.26;3.00;111;109
0.01;33;34;3.27;3.27;30;20;3.06;0.28;0.26;3.00;111;109
0.01;33;34;4.91;4.91;30;20;3.06;0.28;0.26;3.00;111;109
0.01;33;34;3.27;4.91;30;20;3.06;0.28;0.27;3.00;111;109
0.02;33;34;4.91;3.27;30;20;3.07;0.28;0.26;3.00;111;109
0.01;33;34;3.27;4.91;30;20;3.07;0.28;0.27;3.00;111;109
0.01;33;34;4.91;3.27;30;20;3.07;0.28;0.26;3.00;111;109
0.01;33;34;3.27;3.27;30;20;3.07;0.28;0.26;3.00;111;109
0.01;33;34;3.27;3.27;30;20;3.07;0.28;0.26;3.00;111;109
0.01;33;33;4.91;4.91;30;20;3.08;0.29;0.26;3.00;106;114
0.01;33;34;3.27;3.27;30;20;3.08;0.29;0.26;3.00;111;109
0.01;33;33;4.91;4.91;30;20;3.08;0.29;0.26;3.00;106;114
0.01;33;33;3.27;3.27;30;20;3.08;0.29;0.26;3.00;106;114
0.02;33;34;3.27;3.27;30;20;3.08;0.29;0.26;3.00;111;109
0.01;33;34;4.91;3.27;30;20;3.08;0.29;0.25;3.00;111;109
0.01;33;34;3.27;3.27;30;20;3.09;0.29;0.25;3.00;111;109
0.01;33;34;3.27;3.27;30;20;3.09;0.29;0.25;3.00;111;109
0.01;33;34;3.27;3.27;30;20;3.09;0.29;0.25;3.00;111;109
0.01;33;34;3.27;4.91;30;20;3.09;0.29;0.26;3.00;111;109
0.01;33;34;3.27;3.27;30;20;3.09;0.29;0.26;3.00;111;109
0.01;33;34;3.27;3.27;30;20;3.09;0.29;0.26;3.00;111;109
0.01;32;33;3.27;3.27;30;20;3.09;0.29;0.26;2.00;113;107
0.02;33;34;4.91;4.91;30;20;3.10;0.29;0.26;3.00;111;109
0.01;32;33;3.27;3.27;30;20;3.10;0.29;0.26;2.00;113;107
0.01;32;33;3.27;3.27;30;20;3.10;0.29;0.26;2.00;112;108
0.01;33;33;4.91;3.27;30;20;3.10;0.29;0.25;3.00;106;114
0.01;32;33;3.27;3.27;30;20;3.10;0.29;0.25;2.00;113;107
0.01;32;33;4.91;3.27;30;20;3.11;0.29;0.25;2.00;112;108
0.01;32;33;3.27;4.91;30;20;3.11;0.29;0.25;2.00;112;108
0.01;32;32;4.91;3.27;30;20;3.11;0.29;0.25;2.00;107;113
0.01;32;33;3.27;3.27;30;20;3.11;0.29;0.25;2.00;112;108
0.02;33;32;4.91;4.91;30;20;3.11;0.29;0.25;2.00;102;118
0.01;32;33;3.27;3.27;30;20;3.11;0.30;0.25;2.00;112;108
0.01;32;32;3.27;4.91;30;20;3.12;0.30;0.25;2.00;107;113
0.01;32;32;4.91;3.27;30;20;3.12;0.30;0.25;2.00;107;113
0.01;32;32;3.27;4.91;30;20;3.12;0.30;0.25;2.00;107;113
0.02;32;33;4.91;3.27;30;20;3.12;0.30;0.25;2.00;112;108
0.01;32;32;3.27;4.91;30;20;3.12;0.30;0.25;2.00;107;113
0.01;32;32;4.91;3.27;30;20;3.13;0.30;0.25;2.00;107;113
0.01;32;32;3.27;4.91;30;20;3.13;0.30;0.25;2.00;107;113
0.01;32;32;4.91;3.27;30;20;3.13;0.30;0.25;2.00;107;113
0.01;32;33;3.27;4.91;30;20;3.13;0.30;0.25;2.00;112;108
0.01;32;33;4.91;4.91;30;20;3.13;0.30;0.25;2.00;112;108
0.01;32;32;3.27;3.27;30;20;3.14;0.30;0.25;2.00;107;113
0.01;32;33;3.27;4.91;30;20;3.14;0.30;0.26;2.00;112;108
0.02;32;33;4.91;3.27;30;20;3.14;0.30;0.25;2.00;112;108
0.01;32;33;3.27;4.91;30;20;3.14;0.30;0.26;2.00;112;108
0.01;32;32;4.91;3.27;30;20;3.14;0.30;0.25;2.00;107;113
0.01;32;33;3.27;3.27;30;20;3.14;0.30;0.25;2.00;112;108
0.01;32;33;4.91;4.91;30;20;3.15;0.30;0.25;2.00;112;108
0.01;32;32;3.27;3.27;30;20;3.15;0.30;0.25;2.00;107;113
0.01;32;33;4.91;4.91;30;20;3.15;0.30;0.25;2.00;112;108
0.01;32;33;4.91;3.27;30;20;3.15;0.30;0.25;2.00;112;108
0.01;32;33;3.27;4.91;30;20;3.15;0.31;0.25;2.00;112;108
0.02;32;33;4.91;3.27;30;20;3.16;0.31;0.24;2.00;112;108
0.01;32;33;3.27;4.91;30;20;3.16;0.31;0.25;2.00;112;108
0.01;32;33;4.91;3.27;30;20;3.16;0.31;0.24;2.00;112;108
0.01;32;33;3.27;4.91;30;20;3.16;0.31;0.25;2.00;112;108
0.01;32;32;4.91;4.91;30;20;3.16;0.31;0.25;2.00;107;113
0.01;31;32;3.27;3.27;30;20;3.17;0.31;0.25;1.00;114;106
0.01;32;32;4.91;4.91;30;20;3.17;0.31;0.25;2.00;107;113
0.01;32;32;3.27;3.27;30;20;3.17;0.31;0.25;2.00;107;113
0.01;32;31;4.91;4.91;30;20;3.17;0.31;0.25;1.00;104;116
0.02;32;32;3.27;4.91;30;20;3.17;0.31;0.26;2.00;107;113
0.01;32;32;4.91;3.27;30;20;3.17;0.31;0.25;2.00;107;113
0.01;31;32;3.27;4.91;30;20;3.18;0.31;0.26;1.00;114;106
0.01;32;32;4.91;3.27;30;20;3.18;0.31;0.25;2.00;107;113
0.01;31;32;3.27;4.91;30;20;3.18;0.31;0.26;1.00;114;106
0.01;32;32;3.27;4.91;30;20;3.18;0.31;0.27;2.00;107;113
0.01;31;32;3.27;3.27;30;20;3.18;0.31;0.27;1.00;114;106
0.01;32;31;3.27;4.91;30;20;3.19;0.31;0.28;1.00;104;116
0.01;32;32;4.91;3.27;30;20;3.19;0.31;0.27;2.00;107;113
0.01;31;32;3.27;4.91;30;20;3.19;0.31;0.28;1.00;114;106
0.01;31;31;4.91;4.91;30;20;3.19;0.32;0.28;1.00;109;111
0.01;31;32;3.27;3.27;30;20;3.19;0.32;0.28;1.00;114;106
0.01;31;31;4.91;4.91;30;20;3.20;0.32;0.28;1.00;109;111
0.01;31;32;3.27;3.27;30;20;3.20;0.32;0.28;1.00;114;106
0.02;31;32;3.27;4.91;30;20;3.20;0.32;0.29;1.00;114;106
0.01;31;32;3.27;3.27;30;20;3.20;0.32;0.29;1.00;114;106
0.01;31;32;3.27;3.27;30;20;3.20;0.32;0.29;1.00;114;106
0.01;31;31;4.91;3.27;30;20;3.20;0.32;0.28;1.00;109;111
0.01;31;31;3.27;4.91;30;20;3.21;0.32;0.28;1.00;109;111
0.01;31;32;4.91;3.27;30;20;3.21;0.32;0.28;1.00;114;106
0.01;31;32;3.27;4.91;30;20;3.21;0.32;0.28;1.00;114;106
0.01;31;31;4.91;3.27;30;20;3.21;0.32;0.28;1.00;109;111
0.01;31;31;3.27;3.27;30;20;3.21;0.32;0.28;1.00;109;111
0.02;32;31;4.91;3.27;30;20;3.21;0.32;0.27;1.00;104;116
0.01;31;32;3.27;3.27;30;20;3.22;0.32;0.27;1.00;114;106
0.01;32;31;4.91;3.27;30;20;3.22;0.32;0.26;1.00;104;116
0.01;32;31;4.91;3.27;30;20;3.22;0.32;0.25;1.00;104;116
0.01;31;32;3.27;3.27;30;20;3.22;0.32;0.25;1.00;114;106
0.01;32;31;4.91;3.27;30;20;3.22;0.32;0.25;1.00;104;116
0.01;32;32;3.27;3.27;30;20;3.22;0.32;0.25;2.00;107;113
0.01;32;32;4.91;3.27;30;20;3.23;0.33;0.24;2.00;107;113
0.01;31;31;3.27;3.27;30;20;3.23;0.33;0.24;1.00;109;111
0.02;31;31;3.27;3.27;30;20;3.23;0.33;0.24;1.00;109;111
0.01;31;32;4.91;3.27;30;20;3.23;0.33;0.23;1.00;114;106
0.01;31;31;4.91;3.27;30;20;3.23;0.33;0.22;1.00;109;111
0.01;31;31;3.27;3.27;30;20;3.23;0.33;0.22;1.00;109;111
0.01;32;31;4.91;4.91;30;20;3.24;0.33;0.22;1.00;104;116
0.01;32;31;4.91;3.27;30;20;3.24;0.33;0.21;1.00;104;116
0.01;31;31;3.27;3.27;30;20;3.24;0.33;0.21;1.00;109;111
0.01;32;31;4.91;4.91;30;20;3.24;0.33;0.21;1.00;104;116
0.01;31;31;4.91;3.27;30;20;3.24;0.33;0.21;1.00;109;111
0.01;31;31;4.91;3.27;30;20;3.25;0.33;0.20;1.00;109;111
0.01;31;31;3.27;4.91;30;20;3.25;0.33;0.21;1.00;109;111
0.01;31;31;4.91;3.27;30;20;3.25;0.33;0.20;1.00;109;111
0.01;32;31;4.91;4.91;30;20;3.25;0.33;0.20;1.00;104;116
0.01;32;31;4.91;3.27;30;20;3.25;0.33;0.19;1.00;104;116
0.01;32;31;4.91;4.91;30;20;3.26;0.33;0.19;1.00;104;116
0.01;31;30;3.27;3.27;30;20;3.26;0.33;0.19;0.00;105;115
0.01;31;31;3.27;4.91;30;20;3.26;0.33;0.20;1.00;109;111
0.01;32;30;4.91;4.91;30;20;3.26;0.33;0.20;1.00;99;121
0.01;31;30;4.91;3.27;30;20;3.26;0.33;0.19;0.00;106;114
0.01;32;30;4.91;4.91;30;20;3.27;0.33;0.19;1.00;99;121
0.01;32;30;4.91;4.91;30;20;3.27;0.33;0.19;1.00;99;121
0.01;31;31;4.91;3.27;30;20;3.27;0.33;0.18;1.00;109;111
0.01;31;31;4.91;4.91;30;20;3.27;0.33;0.18;1.00;109;111
0.01;32;31;3.27;4.91;30;20;3.27;0.34;0.19;1.00;104;116
0.01;32;31;3.27;4.91;30;20;3.28;0.34;0.20;1.00;104;116
0.01;31;31;3.27;3.27;30;20;3.28;0.34;0.20;1.00;109;111
0.01;31;31;4.91;4.91;30;20;3.28;0.34;0.20;1.00;109;111
0.02;31;32;4.91;4.91;30;20;3.28;0.34;0.20;1.00;114;106
0.01;31;31;4.91;4.91;30;20;3.29;0.34;0.20;1.00;109;111
0.01;31;31;4.91;4.91;30;20;3.29;0.34;0.20;1.00;109;111
0.01;31;31;4.91;4.91;30;20;3.29;0.34;0.20;1.00;109;111
0.01;32;31;4.91;3.27;30;20;3.29;0.34;0.19;1.00;104;116
0.01;32;31;4.91;3.27;30;20;3.29;0.34;0.18;1.00;104;116
0.01;32;31;4.91;4.91;30;20;3.30;0.34;0.18;1.00;104;116
0.01;32;31;4.91;4.91;30;20;3.30;0.34;0.18;1.00;104;116
0.01;32;30;4.91;4.91;30;20;3.30;0.34;0.18;1.00;99;121
0.01;32;30;4.91;4.91;30;20;3.30;0.34;0.18;1.00;99;121
0.01;32;31;4.91;4.91;30;20;3.30;0.34;0.18;1.00;105;115
0.02;32;31;4.91;4.91;30;20;3.31;0.34;0.18;1.00;104;116
0.01;32;31;4.91;4.91;30;20;3.31;0.34;0.18;1.00;104;116
0.01;32;31;4.91;4.91;30;20;3.31;0.34;0.18;1.00;104;116
0.01;32;33;3.27;3.27;30;20;3.31;0.34;0.18;2.00;112;108
0.01;32;32;3.27;3.27;30;20;3.31;0.34;0.18;2.00;107;113
0.01;32;33;4.91;4.91;30;20;3.32;0.34;0.18;2.00;112;108
0.01;32;32;4.91;4.91;30;20;3.32;0.34;0.18;2.00;107;113
0.01;32;32;4.91;4.91;30;20;3.32;0.34;0.18;2.00;107;113
0.01;32;32;4.91;4.91;30;20;3.32;0.34;0.18;2.00;107;113
0.02;32;33;4.91;4.91;30;20;3.33;0.34;0.18;2.00;112;108
0.01;32;32;4.91;4.91;30;20;3.33;0.35;0.18;2.00;107;113
0.01;33;31;4.91;4.91;30;20;3.33;0.35;0.18;2.00;97;123
0.01;33;32;4.91;4.91;30;20;3.33;0.35;0.18;2.00;103;117
0.01;33;32;4.91;4.91;30;20;3.34;0.35;0.18;2.00;102;118
0.01;33;31;4.91;3.27;30;20;3.34;0.35;0.18;2.00;97;123
0.01;33;31;4.91;3.27;30;20;3.34;0.35;0.17;2.00;97;123
0.01;33;32;4.91;4.91;30;20;3.34;0.35;0.17;2.00;103;117
0.01;33;31;4.91;4.91;30;20;3.34;0.35;0.17;2.00;97;123
0.01;33;31;4.91;4.91;30;20;3.35;0.35;0.17;2.00;97;123
0.01;33;31;4.91;3.27;30;20;3.35;0.35;0.16;2.00;97;123
0.01;33;31;4.91;4.91;30;20;3.35;0.35;0.16;2.00;97;123
0.01;33;31;4.91;4.91;30;20;3.35;0.35;0.16;2.00;97;123
0.01;33;31;4.91;4.91;30;20;3.35;0.35;0.16;2.00;97;123
0.01;33;32;4.91;3.27;30;20;3.36;0.35;0.15;2.00;103;117
0.02;33;32;4.91;4.91;30;20;3.36;0.35;0.15;2.00;102;118
0.01;33;32;4.91;4.91;30;20;3.36;0.35;0.15;2.00;102;118
0.01;33;32;4.91;4.91;30;20;3.36;0.35;0.15;2.00;102;118
0.01;33;33;3.27;3.27;30;20;3.36;0.35;0.15;3.00;106;114
0.01;33;32;3.27;4.91;30;20;3.37;0.35;0.16;2.00;103;117
0.01;33;32;3.27;4.91;30;20;3.37;0.35;0.17;2.00;102;118
0.01;33;32;4.91;4.91;30;20;3.37;0.35;0.17;2.00;102;118
0.01;34;31;4.91;4.91;30;20;3.37;0.35;0.17;2.00;97;123
0.01;33;32;4.91;3.27;30;20;3.37;0.35;0.16;2.00;103;117
0.01;33;32;4.91;4.91;30;20;3.38;0.35;0.16;2.00;102;118
0.01;34;32;4.91;4.91;30;20;3.38;0.35;0.16;3.00;96;124
0.01;34;32;4.91;4.91;30;20;3.38;0.35;0.16;3.00;96;124
0.01;34;32;4.91;4.91;30;20;3.38;0.35;0.16;3.00;96;124
0.01;34;32;4.91;4.91;30;20;3.39;0.35;0.16;3.00;96;124
0.01;35;32;4.91;4.91;30;20;3.39;0.36;0.16;3.00;96;124
0.01;35;32;4.91;4.91;30;20;3.39;0.36;0.16;3.00;96;124
0.01;35;32;4.91;4.91;30;20;3.39;0.36;0.16;3.00;96;124
0.01;35;32;4.91;4.91;30;20;3.40;0.36;0.16;3.00;96;124
0.01;34;32;4.91;4.91;30;20;3.40;0.36;0.16;3.00;97;123
0.01;35;32;3.27;4.91;30;20;3.40;0.36;0.17;3.00;96;124
0.01;35;32;3.27;4.91;30;20;3.40;0.36;0.18;3.00;96;124
0.01;35;33;4.91;4.91;30;20;3.40;0.36;0.18;4.00;95;125
0.01;35;33;4.91;4.91;30;20;3.41;0.36;0.18;4.00;94;126
0.01;35;33;4.91;4.91;30;20;3.41;0.36;0.18;4.00;94;126
0.01;35;32;4.91;4.91;30;20;3.41;0.36;0.18;3.00;96;124
0.01;36;33;4.91;4.91;30;20;3.41;0.36;0.18;4.00;94;126
0.01;37;33;4.91;4.91;30;20;3.41;0.36;0.18;5.00;93;127
0.01;37;33;4.91;4.91;30;20;3.42;0.36;0.18;5.00;93;127
0.01;38;33;3.27;4.91;30;20;3.42;0.36;0.18;5.00;93;127
0.01;39;33;3.27;4.91;30;20;3.42;0.36;0.19;6.00;91;129
0.01;44;33;4.91;4.91;30;20;3.42;0.36;0.19;8.00;88;132
0.01;37;33;4.91;4.91;30;20;3.43;0.36;0.19;5.00;93;127
0.01;36;33;3.27;4.91;30;20;3.43;0.36;0.20;4.00;95;125
0.01;36;33;4.91;4.91;30;20;3.43;0.36;0.20;4.00;94;126
0.01;36;33;4.91;4.91;30;20;3.43;0.36;0.20;4.00;94;126
0.01;36;33;4.91;4.91;30;20;3.43;0.36;0.20;4.00;94;126
0.01;37;33;3.27;4.91;30;20;3.44;0.36;0.21;5.00;93;127
0.01;35;33;4.91;4.91;30;20;3.44;0.36;0.21;4.00;96;124
0.01;35;33;4.91;4.91;30;20;3.44;0.36;0.21;4.00;94;126
0.01;36;33;3.27;4.91;30;20;3.44;0.37;0.21;4.00;94;126
0.01;36;33;4.91;4.91;30;20;3.44;0.37;0.21;4.00;94;126
0.01;36;33;4.91;4.91;30;20;3.45;0.37;0.21;4.00;94;126
0.01;36;33;3.27;4.91;30;20;3.45;0.37;0.22;4.00;94;126
0.01;36;34;4.91;4.91;30;20;3.45;0.37;0.22;5.00;94;126
0.01;35;33;4.91;4.91;30;20;3.45;0.37;0.22;4.00;95;125
0.01;35;34;3.27;4.91;30;20;3.45;0.37;0.23;4.00;100;120
0.01;35;34;4.91;4.91;30;20;3.46;0.37;0.23;0.00;100;120
0.02;36;33;4.91;4.91;30;20;3.46;0.37;0.23;0.00;100;120
0.01;36;33;3.27;3.27;30;20;3.46;0.37;0.23;0.00;100;120
0.01;36;34;4.91;3.27;30;20;3.46;0.37;0.22;0.00;100;120
0.01;36;34;3.27;4.91;30;20;3.46;0.37;0.23;0.00;100;120
0.01;35;34;3.27;3.27;30;20;3.47;0.37;0.23;0.00;100;120
0.01;35;34;3.27;3.27;30;20;3.47;0.37;0.23;0.00;100;120
0.01;35;34;3.27;3.27;30;20;3.47;0.37;0.23;0.00;100;120
0.01;35;34;3.27;1.64;30;20;3.47;0.37;0.22;0.00;100;120
0.01;36;34;1.64;3.27;30;20;3.47;0.37;0.23;0.00;100;120
0.02;36;34;1.64;3.27;30;20;3.47;0.37;0.24;0.00;100;120
0.01;35;34;3.27;1.64;30;20;3.47;0.37;0.23;0.00;100;120
0.01;35;34;1.64;3.27;30;20;3.47;0.37;0.24;0.00;100;120
0.01;35;34;1.64;1.64;30;20;3.48;0.37;0.24;0.00;100;120
0.01;35;34;3.27;1.64;30;20;3.48;0.37;0.23;0.00;100;120
0.01;35;34;1.64;1.64;30;20;3.48;0.37;0.23;0.00;100;120
0.01;35;34;1.64;1.64;30;20;3.48;0.37;0.23;0.00;100;120
0.01;35;34;1.64;0.00;30;20;3.48;0.37;0.22;0.00;100;120
0.01;35;34;0.00;1.64;30;20;3.48;0.37;0.23;0.00;100;120
0.02;35;34;1.64;0.00;30;20;3.48;0.37;0.22;0.00;100;120
0.01;35;34;0.00;0.00;30;20;3.48;0.37;0.22;0.00;100;120
0.01;35;34;0.00;1.64;30;20;3.48;0.37;0.23;0.00;100;120
0.01;35;34;1.64;0.00;30;20;3.48;0.37;0.22;0.00;100;120
0.01;35;34;0.00;0.00;30;20;3.48;0.37;0.22;0.00;100;120
0.01;35;34;0.00;0.00;30;20;3.48;0.37;0.22;0.00;100;120
0.01;35;34;0.00;0.00;30;20;3.48;0.37;0.22;0.00;100;120
0.01;35;34;0.00;0.00;30;20;3.48;0.37;0.22;0.00;100;120
0.01;35;34;0.00;0.00;30;20;3.48;0.37;0.22;0.00;100;120
0.02;35;34;0.00;0.00;30;20;3.48;0.37;0.22;0.00;100;120
0.01;35;34;0.00;0.00;30;20;3.48;0.37;0.22;0.00;100;120
0.01;35;34;0.00;0.00;30;20;3.48;0.37;0.22;0.00;100;120
0.01;35;34;0.00;0.00;30;20;3.48;0.37;0.22;0.00;100;120
0.01;35;34;0.00;0.00;30;20;3.48;0.37;0.22;0.00;100;120
0.01;35;34;0.00;0.00;30;20;3.48;0.37;0.22;0.00;100;120
0.01;35;34;0.00;0.00;30;20;3.48;0.37;0.22;0.00;100;120
0.01;35;34;0.00;0.00;30;20;3.48;0.37;0.22;0.00;100;120
0.01;35;34;0.00;0.00;30;20;3.48;0.37;0.22;0.00;100;120
0.02;35;34;0.00;0.00;30;20;3.48;0.37;0.22;0.00;100;120
0.01;35;34;0.00;0.00;30;20;3.48;0.37;0.22;0.00;100;120
0.01;35;34;0.00;0.00;30;20;3.48;0.37;0.22;0.00;100;120
0.01;35;34;0.00;0.00;30;20;3.48;0.37;0.22;0.00;100;120
0.01;35;34;0.00;0.00;30;20;3.48;0.37;0.22;0.00;100;120
0.02;35;34;0.00;0.00;30;20;3.48;0.37;0.22;0.00;100;120
0.01;35;34;0.00;0.00;30;20;3.48;0.37;0.22;0.00;100;120
0.01;35;34;0.00;0.00;30;20;3.48;0.37;0.22;0.00;100;120
0.01;35;34;0.00;0.00;30;20;3.48;0.37;0.22;0.00;100;120
0.01;35;34;0.00;0.00;30;20;3.48;0.37;0.22;0.00;100;120
0.01;35;34;0.00;0.00;30;20;3.48;0.37;0.22;0.00;100;120
0.01;35;34;0.00;0.00;30;20;3.48;0.37;0.22;0.00;100;120
0.01;35;34;0.00;0.00;30;20;3.48;0.37;0.22;0.00;100;120
0.01;35;34;0.00;0.00;30;20;3.48;0.37;0.22;0.00;100;120
0.02;35;34;0.00;0.00;30;20;3.48;0.37;0.22;0.00;100;120
0.01;35;34;0.00;0.00;30;20;3.48;0.37;0.22;0.00;100;120
0.01;35;34;0.00;0.00;30;20;3.48;0.37;0.22;0.00;100;120
0.01;35;34;0.00;0.00;30;20;3.48;0.37;0.22;0.00;100;120
0.01;35;34;0.00;0.00;30;20;3.48;0.37;0.22;0.00;100;120
0.01;35;34;0.00;0.00;30;20;3.48;0.37;0.22;0.00;100;120
0.01;35;34;0.00;0.00;30;20;3.48;0.37;0.22;0.00;100;120
0.01;35;34;0.00;0.00;30;20;3.48;0.37;0.22;0.00;100;120
0.01;35;34;0.00;0.00;30;20;3.48;0.37;0.22;0.00;100;120
0.02;35;34;0.00;0.00;30;20;3.48;0.37;0.22;0.00;100;120
0.01;35;34;0.00;0.00;30;20;3.48;0.37;0.22;0.00;100;120
0.01;35;34;0.00;0.00;30;20;3.48;0.37;0.22;0.00;100;120
0.01;35;34;0.00;0.00;30;20;3.48;0.37;0.22;0.00;100;120
0.01;35;34;0.00;0.00;30;20;3.48;0.37;0.22;0.00;100;120
0.01;35;34;0.00;0.00;30;20;3.48;0.37;0.22;0.00;100;120
0.01;35;34;0.00;0.00;30;20;3.48;0.37;0.22;0.00;100;120
0.01;35;34;0.00;0.00;30;20;3.48;0.37;0.22;0.00;100;120
0.01;35;34;0.00;0.00;30;20;3.48;0.37;0.22;0.00;100;120
0.02;35;34;0.00;0.00;30;20;3.48;0.37;0.22;0.00;100;120
0.01;35;34;0.00;0.00;30;20;3.48;0.37;0.22;0.00;100;120
0.01;35;34;0.00;0.00;30;20;3.48;0.37;0.22;0.00;100;120
0.01;35;34;0.00;0.00;30;20;3.48;0.37;0.22;0.00;100;120
0.01;35;34;0.00;0.00;30;20;3.48;0.37;0.22;0.00;100;120
0.01;35;34;0.00;0.00;30;20;3.48;0.37;0.22;0.00;100;120
0.01;35;34;0.00;0.00;30;20;3.48;0.37;0.22;0.00;100;120
0.01;35;34;0.00;0.00;30;20;3.48;0.37;0.22;0.00;100;120
0.01;35;34;0.00;0.00;30;20;3.48;0.37;0.22;0.00;100;120
0.01;35;34;0.00;0.00;30;20;3.48;0.37;0.22;0.00;100;120
0.01;35;34;0.00;0.00;30;20;3.48;0.37;0.22;0.00;100;120
0.01;35;34;0.00;0.00;30;20;3.48;0.37;0.22;0.00;100;120
0.01;35;34;0.00;0.00;30;20;3.48;0.37;0.22;0.00;100;120
0.01;35;34;0.00;0.00;30;20;3.48;0.37;0.22;0.00;100;120
0.02;35;35;0.00;0.00;30;20;3.48;0.37;0.22;0.00;100;120
0.01;35;34;0.00;0.00;30;20;3.48;0.37;0.22;0.00;100;120
0.01;35;34;0.00;0.00;30;20;3.48;0.37;0.22;0.00;100;120
0.01;35;34;0.00;0.00;30;20;3.48;0.37;0.22;0.00;100;120
0.01;35;34;0.00;0.00;30;20;3.48;0.37;0.22;0.00;100;120
0.01;35;34;0.00;0.00;30;20;3.48;0.37;0.22;0.00;100;120
0.01;35;34;0.00;0.00;30;20;3.48;0.37;0.22;0.00;100;120
0.01;35;34;0.00;0.00;30;20;3.48;0.37;0.22;0.00;100;120
0.01;35;34;0.00;0.00;30;20;3.48;0.37;0.22;0.00;100;120
0.02;35;34;0.00;0.00;30;20;3.48;0.37;0.22;0.00;100;120
0.01;35;34;0.00;0.00;30;20;3.48;0.37;0.22;0.00;100;120
0.01;35;34;0.00;0.00;30;20;3.48;0.37;0.22;0.00;100;120
0.01;35;34;0.00;0.00;30;20;3.48;0.37;0.22;0.00;100;120
0.01;35;34;0.00;0.00;30;20;3.48;0.37;0.22;0.00;100;120
0.01;35;34;0.00;0.00;30;20;3.48;0.37;0.22;0.00;100;120
0.01;35;34;0.00;0.00;30;20;3.48;0.37;0.22;0.00;100;120
0.01;35;34;0.00;0.00;30;20;3.48;0.37;0.22;0.00;100;120
0.01;35;34;0.00;0.00;30;20;3.48;0.37;0.22;0.00;100;120
0.02;35;34;0.00;0.00;30;20;3.48;0.37;0.22;0.00;100;120
0.01;35;34;0.00;0.00;30;20;3.48;0.37;0.22;0.00;100;120
0.01;35;34;0.00;0.00;30;20;3.48;0.37;0.22;0.00;100;120
0.01;35;34;0.00;0.00;30;20;3.48;0.37;0.22;0.00;100;120
0.01;35;34;0.00;0.00;30;20;3.48;0.37;0.22;0.00;100;120
0.01;35;34;0.00;0.00;30;20;3.48;0.37;0.22;0.00;100;120
0.01;35;35;0.00;0.00;30;20;3.48;0.37;0.22;0.00;100;120
0.01;35;34;0.00;0.00;30;20;3.48;0.37;0.22;0.00;100;120
0.01;35;35;0.00;0.00;30;20;3.48;0.37;0.22;0.00;100;120
0.01;35;34;0.00;0.00;30;20;3.48;0.37;0.22;0.00;100;120
0.01;35;35;0.00;0.00;30;20;3.48;0.37;0.22;0.00;100;120
0.01;35;34;0.00;0.00;30;20;3.48;0.37;0.22;0.00;100;120
0.01;35;34;0.00;0.00;30;20;3.48;0.37;0.22;0.00;100;120
0.01;35;35;0.00;0.00;30;20;3.48;0.37;0.22;0.00;100;120
0.01;35;34;0.00;0.00;30;20;3.48;0.37;0.22;0.00;100;120
0.01;35;34;0.00;0.00;30;20;3.48;0.37;0.22;0.00;100;120
0.01;35;34;0.00;0.00;30;20;3.48;0.37;0.22;0.00;100;120
0.01;35;34;0.00;0.00;30;20;3.48;0.37;0.22;0.00;100;120
0.01;35;35;0.00;0.00;30;20;3.48;0.37;0.22;0.00;100;120
0.01;35;35;0.00;0.00;30;20;3.48;0.37;0.22;0.00;100;120
0.01;35;35;0.00;0.00;30;20;3.48;0.37;0.22;0.00;100;120
0.01;35;35;0.00;0.00;30;20;3.48;0.37;0.22;0.00;100;120
0.01;35;34;0.00;0.00;30;20;3.48;0.37;0.22;0.00;100;120
0.02;35;35;0.00;0.00;30;20;3.48;0.37;0.22;0.00;100;120
0.01;35;34;0.00;0.00;30;20;3.48;0.37;0.22;0.00;100;120
0.01;35;35;0.00;0.00;30;20;3.48;0.37;0.22;0.00;100;120
0.01;35;35;0.00;0.00;30;20;3.48;0.37;0.22;0.00;100;120
0.01;35;35;0.00;0.00;30;20;3.48;0.37;0.22;0.00;100;120
0.01;35;34;0.00;0.00;30;20;3.48;0.37;0.22;0.00;100;120
0.01;35;34;0.00;0.00;30;20;3.48;0.37;0.22;0.00;100;120
0.01;35;35;0.00;0.00;30;20;3.48;0.37;0.22;0.00;100;120
0.01;35;35;0.00;0.00;30;20;3.48;0.37;0.22;0.00;100;120
0.02;35;34;0.00;0.00;30;20;3.48;0.37;0.22;0.00;100;120
0.01;35;34;0.00;0.00;30;20;3.48;0.37;0.22;0.00;100;120
0.01;35;34;0.00;0.00;30;20;3.48;0.37;0.22;0.00;100;120
0.01;35;35;0.00;0.00;30;20;3.48;0.37;0.22;0.00;100;120
0.01;35;35;0.00;0.00;30;20;3.48;0.37;0.22;0.00;100;120
0.01;35;34;0.00;0.00;30;20;3.48;0.37;0.22;0.00;100;120
0.01;35;35;0.00;0.00;30;20;3.48;0.37;0.22;0.00;100;120
0.01;35;35;0.00;0.00;30;20;3.48;0.37;0.22;0.00;100;120
0.01;35;34;0.00;0.00;30;20;3.48;0.37;0.22;0.00;100;120
0.01;35;34;0.00;0.00;30;20;3.48;0.37;0.22;0.00;100;120
0.01;35;35;0.00;0.00;30;20;3.48;0.37;0.22;0.00;100;120
0.01;35;35;0.00;0.00;30;20;3.48;0.37;0.22;0.00;100;120
0.01;35;34;0.00;0.00;30;20;3.48;0.37;0.22;0.00;100;120
0.01;35;34;0.00;0.00;30;20;3.48;0.37;0.22;0.00;100;120
0.01;35;34;0.00;0.00;30;20;3.48;0.37;0.22;0.00;100;120
0.01;35;34;0.00;0.00;30;20;3.48;0.37;0.22;0.00;100;120
0.01;35;34;0.00;0.00;30;20;3.48;0.37;0.22;0.00;100;120
0.01;35;35;0.00;0.00;30;20;3.48;0.37;0.22;0.00;100;120
0.01;35;34;0.00;0.00;30;20;3.48;0.37;0.22;0.00;100;120
0.01;35;35;0.00;0.00;30;20;3.48;0.37;0.22;0.00;100;120
0.01;35;34;0.00;0.00;30;20;3.48;0.37;0.22;0.00;100;120
0.01;35;35;0.00;0.00;30;20;3.48;0.37;0.22;0.00;100;120
0.01;35;34;0.00;0.00;30;20;3.48;0.37;0.22;0.00;100;120
0.01;35;34;0.00;0.00;30;20;3.48;0.37;0.22;0.00;100;120
0.01;35;34;0.00;0.00;30;20;3.48;0.37;0.22;0.00;100;120
0.01;35;35;0.00;0.00;30;20;3.48;0.37;0.22;0.00;100;120
0.01;35;35;0.00;0.00;30;20;3.48;0.37;0.22;0.00;100;120
0.01;35;34;0.00;0.00;30;20;3.48;0.37;0.22;0.00;100;120
0.01;35;35;0.00;0.00;30;20;3.48;0.37;0.22;0.00;100;120
0.01;35;34;0.00;0.00;30;20;3.48;0.37;0.22;0.00;100;120
0.01;35;34;0.00;0.00;30;20;3.48;0.37;0.22;0.00;100;120
0.01;35;35;0.00;0.00;30;20;3.48;0.37;0.22;0.00;100;120
0.02;35;35;0.00;0.00;30;20;3.48;0.37;0.22;0.00;100;120
0.01;35;34;0.00;0.00;30;20;3.48;0.37;0.22;0.00;100;120
0.01;35;34;0.00;0.00;30;20;3.48;0.37;0.22;0.00;100;120
0.01;35;35;0.00;0.00;30;20;3.48;0.37;0.22;0.00;100;120
0.01;35;35;0.00;0.00;30;20;3.48;0.37;0.22;0.00;100;120
0.01;35;35;0.00;0.00;30;20;3.48;0.37;0.22;0.00;100;120
0.01;35;35;0.00;0.00;30;20;3.48;0.37;0.22;0.00;100;120
0.01;35;35;0.00;0.00;30;20;3.48;0.37;0.22;0.00;100;120
0.01;35;35;0.00;0.00;30;20;3.48;0.37;0.22;0.00;100;120
0.01;35;34;0.00;0.00;30;20;3.48;0.37;0.22;0.00;100;120
0.01;35;35;0.00;0.00;30;20;3.48;0.37;0.22;0.00;100;120
0.01;35;34;0.00;0.00;30;20;3.48;0.37;0.22;0.00;100;120
0.01;35;34;0.00;0.00;30;20;3.48;0.37;0.22;0.00;100;120
0.01;35;34;0.00;0.00;30;20;3.48;0.37;0.22;0.00;100;120
0.01;35;34;0.00;0.00;30;20;3.48;0.37;0.22;0.00;100;120
0.01;35;35;0.00;0.00;30;20;3.48;0.37;0.22;0.00;100;120
0.01;35;35;0.00;0.00;30;20;3.48;0.37;0.22;0.00;100;120
0.01;35;35;0.00;0.00;30;20;3.48;0.37;0.22;0.00;100;120
0.01;35;35;0.00;0.00;30;20;3.48;0.37;0.22;0.00;100;120
0.01;35;35;0.00;0.00;30;20;3.48;0.37;0.22;0.00;100;120
0.01;35;34;0.00;0.00;30;20;3.48;0.37;0.22;0.00;100;120
0.01;35;35;0.00;0.00;30;20;3.48;0.37;0.22;0.00;100;120
0.01;35;35;0.00;0.00;30;20;3.48;0.37;0.22;0.00;100;120
0.01;35;34;0.00;0.00;30;20;3.48;0.37;0.22;0.00;100;120
0.01;35;35;0.00;0.00;30;20;3.48;0.37;0.22;0.00;100;120
0.01;35;34;0.00;0.00;30;20;3.48;0.37;0.22;0.00;100;120
0.01;35;35;0.00;0.00;30;20;3.48;0.37;0.22;0.00;100;120
0.01;35;34;0.00;0.00;30;20;3.48;0.37;0.22;0.00;100;120
0.01;35;34;0.00;0.00;30;20;3.48;0.37;0.22;0.00;100;120
0.01;35;35;0.00;0.00;30;20;3.48;0.37;0.22;0.00;100;120
0.01;35;34;0.00;0.00;30;20;3.48;0.37;0.22;0.00;100;120
0.01;35;34;0.00;0.00;30;20;3.48;0.37;0.22;0.00;100;120
0.01;35;34;0.00;0.00;30;20;3.48;0.37;0.22;0.00;100;120
0.01;35;35;0.00;0.00;30;20;3.48;0.37;0.22;0.00;100;120
0.01;35;34;0.00;0.00;30;20;3.48;0.37;0.22;0.00;100;120
0.01;35;34;0.00;0.00;30;20;3.48;0.37;0.22;0.00;100;120
0.01;35;34;0.00;0.00;30;20;3.48;0.37;0.22;0.00;100;120
0.01;35;34;0.00;0.00;30;20;3.48;0.37;0.22;0.00;100;120
0.01;35;34;0.00;0.00;30;20;3.48;0.37;0.22;0.00;100;120
0.01;35;34;0.00;0.00;30;20;3.48;0.37;0.22;0.00;100;120
0.01;35;35;0.00;0.00;30;20;3.48;0.37;0.22;0.00;100;120
0.01;35;34;0.00;0.00;30;20;3.48;0.37;0.22;0.00;100;120
0.02;35;34;0.00;0.00;30;20;3.48;0.37;0.22;0.00;100;120
0.01;35;35;0.00;0.00;30;20;3.48;0.37;0.22;0.00;100;120
0.01;35;34;0.00;0.00;30;20;3.48;0.37;0.22;0.00;100;120
0.01;35;34;0.00;0.00;30;20;3.48;0.37;0.22;0.00;100;120
0.01;35;35;0.00;0.00;30;20;3.48;0.37;0.22;0.00;100;120
0.01;35;34;0.00;0.00;30;20;3.48;0.37;0.22;0.00;100;120
0.01;35;35;0.00;0.00;30;20;3.48;0.37;0.22;0.00;100;120
0.01;35;34;0.00;0.00;30;20;3.48;0.37;0.22;0.00;100;120
0.01;35;35;0.00;0.00;30;20;3.48;0.37;0.22;0.00;100;120
0.01;35;35;0.00;0.00;30;20;3.48;0.37;0.22;0.00;100;120
0.01;35;34;0.00;0.00;30;20;3.48;0.37;0.22;0.00;100;120
0.01;35;34;0.00;0.00;30;20;3.48;0.37;0.22;0.00;100;120
0.01;35;35;0.00;0.00;30;20;3.48;0.37;0.22;0.00;100;120
0.01;35;34;0.00;0.00;30;20;3.48;0.37;0.22;0.00;100;120
0.01;35;34;0.00;0.00;30;20;3.48;0.37;0.22;0.00;100;120
0.01;35;35;0.00;0.00;30;20;3.48;0.37;0.22;0.00;100;120
0.01;35;35;0.00;0.00;30;20;3.48;0.37;0.22;0.00;100;120
0.01;35;35;0.00;0.00;30;20;3.48;0.37;0.22;0.00;100;120
0.01;35;34;0.00;0.00;30;20;3.48;0.37;0.22;0.00;100;120
0.01;35;34;0.00;0.00;30;20;3.48;0.37;0.22;0.00;100;120
0.01;35;35;0.00;0.00;30;20;3.48;0.37;0.22;0.00;100;120
0.01;35;35;0.00;0.00;30;20;3.48;0.37;0.22;0.00;100;120
0.01;35;34;0.00;0.00;30;20;3.48;0.37;0.22;0.00;100;120
0.01;35;34;0.00;0.00;30;20;3.48;0.37;0.22;0.00;100;120
0.01;35;34;0.00;0.00;30;20;3.48;0.37;0.22;0.00;100;120
0.01;35;34;0.00;0.00;30;20;3.48;0.37;0.22;0.00;100;120
0.01;35;34;0.00;0.00;30;20;3.48;0.37;0.22;0.00;100;120
0.01;35;34;0.00;0.00;30;20;3.48;0.37;0.22;0.00;100;120
0.01;35;34;0.00;0.00;30;20;3.48;0.37;0.22;0.00;100;120
0.01;35;34;0.00;0.00;30;20;3.48;0.37;0.22;0.00;100;120
0.01;35;34;0.00;0.00;30;20;3.48;0.37;0.22;0.00;100;120
0.01;35;34;0.00;0.00;30;20;3.48;0.37;0.22;0.00;100;120
0.02;35;34;0.00;0.00;30;20;3.48;0.37;0.22;0.00;100;120
0.01;35;34;0.00;0.00;30;20;3.48;0.37;0.22;0.00;100;120
0.01;35;34;0.00;0.00;30;20;3.48;0.37;0.22;0.00;100;120
0.01;35;34;0.00;0.00;30;20;3.48;0.37;0.22;0.00;100;120
0.01;35;34;0.00;0.00;30;20;3.48;0.37;0.22;0.00;100;120
0.01;35;34;0.00;0.00;30;20;3.48;0.37;0.22;0.00;100;120
0.01;35;35;0.00;0.00;30;20;3.48;0.37;0.22;0.00;100;120
0.01;35;34;0.00;0.00;30;20;3.48;0.37;0.22;0.00;100;120
0.01;35;34;0.00;0.00;30;20;3.48;0.37;0.22;0.00;100;120
0.02;35;34;0.00;0.00;30;20;3.48;0.37;0.22;0.00;100;120
0.01;35;35;0.00;0.00;30;20;3.48;0.37;0.22;0.00;100;120
0.01;35;34;0.00;0.00;30;20;3.48;0.37;0.22;0.00;100;120
0.01;35;34;0.00;0.00;30;20;3.48;0.37;0.22;0.00;100;120
0.01;35;34;0.00;0.00;30;20;3.48;0.37;0.22;0.00;100;120
0.01;35;34;0.00;0.00;30;20;3.48;0.37;0.22;0.00;100;120
0.01;35;34;0.00;0.00;30;20;3.48;0.37;0.22;0.00;100;120
0.01;35;34;0.00;0.00;30;20;3.48;0.37;0.22;0.00;100;120
0.01;35;34;0.00;0.00;30;20;3.48;0.37;0.22;0.00;100;120
0.01;35;34;0.00;0.00;30;20;3.48;0.37;0.22;0.00;100;120
0.01;35;34;0.00;0.00;30;20;3.48;0.37;0.22;0.00;100;120
0.01;35;35;0.00;0.00;30;20;3.48;0.37;0.22;0.00;100;120
0.01;35;34;0.00;0.00;30;20;3.48;0.37;0.22;0.00;100;120
0.01;35;34;0.00;0.00;30;20;3.48;0.37;0.22;0.00;100;120
0.01;35;34;0.00;0.00;30;20;3.48;0.37;0.22;0.00;100;120
0.01;35;34;0.00;0.00;30;20;3.48;0.37;0.22;0.00;100;120
0.01;35;34;0.00;0.00;30;20;3.48;0.37;0.22;0.00;100;120
0.01;35;34;0.00;0.00;30;20;3.48;0.37;0.22;0.00;100;120
0.01;35;34;0.00;0.00;30;20;3.48;0.37;0.22;0.00;100;120
0.01;35;34;0.00;0.00;30;20;3.48;0.37;0.22;0.00;100;120
0.01;35;34;0.00;0.00;30;20;3.48;0.37;0.22;0.00;100;120
0.01;35;34;0.00;0.00;30;20;3.48;0.37;0.22;0.00;100;120
0.01;35;34;0.00;0.00;30;20;3.48;0.37;0.22;0.00;100;120
0.02;35;34;0.00;0.00;30;20;3.48;0.37;0.22;0.00;100;120
0.01;35;34;0.00;0.00;30;20;3.48;0.37;0.22;0.00;100;120
0.01;35;34;0.00;0.00;30;20;3.48;0.37;0.22;0.00;100;120
0.01;35;34;0.00;0.00;30;20;3.48;0.37;0.22;0.00;100;120
0.01;35;34;0.00;0.00;30;20;3.48;0.37;0.22;0.00;100;120
0.01;35;35;0.00;0.00;30;20;3.48;0.37;0.22;0.00;100;120
0.01;35;34;0.00;0.00;30;20;3.48;0.37;0.22;0.00;100;120
0.01;35;34;0.00;0.00;30;20;3.48;0.37;0.22;0.00;100;120
0.01;35;34;0.00;0.00;30;20;3.48;0.37;0.22;0.00;100;120
0.02;35;34;0.00;0.00;30;20;3.48;0.37;0.22;0.00;100;120
0.01;35;34;0.00;0.00;30;20;3.48;0.37;0.22;0.00;100;120
0.01;35;34;0.00;0.00;30;20;3.48;0.37;0.22;0.00;100;120
0.01;35;34;0.00;0.00;30;20;3.48;0.37;0.22;0.00;100;120
0.01;35;34;0.00;0.00;30;20;3.48;0.37;0.22;0.00;100;120
0.01;35;34;0.00;0.00;30;20;3.48;0.37;0.22;0.00;100;120
0.01;35;34;0.00;0.00;30;20;3.48;0.37;0.22;0.00;100;120
0.01;35;35;0.00;0.00;30;20;3.48;0.37;0.22;0.00;100;120
0.01;35;34;0.00;0.00;30;20;3.48;0.37;0.22;0.00;100;120
0.02;35;34;0.00;0.00;30;20;3.48;0.37;0.22;0.00;100;120
0.01;35;34;0.00;0.00;30;20;3.48;0.37;0.22;0.00;100;120
0.01;35;34;0.00;0.00;30;20;3.48;0.37;0.22;0.00;100;120
0.01;35;34;0.00;0.00;30;20;3.48;0.37;0.22;0.00;100;120
0.01;35;34;0.00;0.00;30;20;3.48;0.37;0.22;0.00;100;120
0.01;35;34;0.00;0.00;30;20;3.48;0.37;0.22;0.00;100;120
0.01;35;34;0.00;0.00;30;20;3.48;0.37;0.22;0.00;100;120
0.01;35;34;0.00;0.00;30;20;3.48;0.37;0.22;0.00;100;120
0.01;35;34;0.00;0.00;30;20;3.48;0.37;0.22;0.00;100;120
0.01;35;35;0.00;0.00;30;20;3.48;0.37;0.22;0.00;100;120
0.01;35;35;0.00;0.00;30;20;3.48;0.37;0.22;0.00;100;120
0.01;35;34;0.00;0.00;30;20;3.48;0.37;0.22;0.00;100;120
0.01;35;34;0.00;0.00;30;20;3.48;0.37;0.22;0.00;100;120
0.01;35;34;0.00;0.00;30;20;3.48;0.37;0.22;0.00;100;120
0.02;35;34;0.00;0.00;30;20;3.48;0.37;0.22;0.00;100;120
0.01;35;34;0.00;0.00;30;20;3.48;0.37;0.22;0.00;100;120
0.01;35;35;0.00;0.00;30;20;3.48;0.37;0.22;0.00;100;120
0.01;35;35;0.00;0.00;30;20;3.48;0.37;0.22;0.00;100;120
0.01;35;34;0.00;0.00;30;20;3.48;0.37;0.22;0.00;100;120
0.01;35;34;0.00;0.00;30;20;3.48;0.37;0.22;0.00;100;120
0.01;35;34;0.00;0.00;30;20;3.48;0.37;0.22;0.00;100;120
0.01;35;34;0.00;0.00;30;20;3.48;0.37;0.22;0.00;100;120
0.01;35;34;0.00;0.00;30;20;3.48;0.37;0.22;0.00;100;120
0.02;35;34;0.00;0.00;30;20;3.48;0.37;0.22;0.00;100;120
0.01;35;35;0.00;0.00;30;20;3.48;0.37;0.22;0.00;100;120
0.01;35;34;0.00;0.00;30;20;3.48;0.37;0.22;0.00;100;120
0.01;35;34;0.00;0.00;30;20;3.48;0.37;0.22;0.00;100;120
0.01;35;34;0.00;0.00;30;20;3.48;0.37;0.22;0.00;100;120
0.01;35;35;0.00;0.00;30;20;3.48;0.37;0.22;0.00;100;120
0.01;35;34;0.00;0.00;30;20;3.48;0.37;0.22;0.00;100;120
0.01;35;34;0.00;0.00;30;20;3.48;0.37;0.22;0.00;100;120
0.01;35;34;0.00;0.00;30;20;3.48;0.37;0.22;0.00;100;120
0.02;35;35;0.00;0.00;30;20;3.48;0.37;0.22;0.00;100;120
0.01;35;34;0.00;0.00;30;20;3.48;0.37;0.22;0.00;100;120
0.01;35;34;0.00;0.00;30;20;3.48;0.37;0.22;0.00;100;120
0.01;35;34;0.00;0.00;30;20;3.48;0.37;0.22;0.00;100;120
0.01;35;34;0.00;0.00;30;20;3.48;0.37;0.22;0.00;100;120
0.01;35;34;0.00;0.00;30;20;3.48;0.37;0.22;0.00;100;120
0.01;35;34;0.00;0.00;30;20;3.48;0.37;0.22;0.00;100;120
0.01;35;34;0.00;0.00;30;20;3.48;0.37;0.22;0.00;100;120
0.01;35;34;0.00;0.00;30;20;3.48;0.37;0.22;0.00;100;120
0.02;35;34;0.00;0.00;30;20;3.48;0.37;0.22;0.00;100;120
0.01;35;35;0.00;0.00;30;20;3.48;0.37;0.22;0.00;100;120
0.01;35;34;0.00;0.00;30;20;3.48;0.37;0.22;0.00;100;120
0.01;35;35;0.00;0.00;30;20;3.48;0.37;0.22;0.00;100;120
0.01;35;34;0.00;0.00;30;20;3.48;0.37;0.22;0.00;100;120
0.02;35;34;0.00;0.00;30;20;3.48;0.37;0.22;0.00;100;120
0.01;35;34;0.00;0.00;30;20;3.48;0.37;0.22;0.00;100;120
0.01;35;34;0.00;0.00;30;20;3.48;0.37;0.22;0.00;100;120
0.01;35;34;0.00;0.00;30;20;3.48;0.37;0.22;0.00;100;120
0.01;35;34;0.00;0.00;30;20;3.48;0.37;0.22;0.00;100;120
0.01;35;34;0.00;0.00;30;20;3.48;0.37;0.22;0.00;100;120
0.01;35;34;0.00;0.00;30;20;3.48;0.37;0.22;0.00;100;120
0.01;35;35;0.00;0.00;30;20;3.48;0.37;0.22;0.00;100;120
0.01;35;34;0.00;0.00;30;20;3.48;0.37;0.22;0.00;100;120
0.02;35;34;0.00;0.00;30;20;3.48;0.37;0.22;0.00;100;120
0.01;35;34;0.00;0.00;30;20;3.48;0.37;0.22;0.00;100;120
0.01;35;34;0.00;0.00;30;20;3.48;0.37;0.22;0.00;100;120
0.01;35;34;0.00;0.00;30;20;3.48;0.37;0.22;0.00;100;120
0.01;35;34;0.00;0.00;30;20;3.48;0.37;0.22;0.00;100;120
0.01;35;34;0.00;0.00;30;20;3.48;0.37;0.22;0.00;100;120
0.01;35;34;0.00;0.00;30;20;3.48;0.37;0.22;0.00;100;120
0.01;35;34;0.00;0.00;30;20;3.48;0.37;0.22;0.00;100;120
0.01;35;34;0.00;0.00;30;20;3.48;0.37;0.22;0.00;100;120
0.02;35;34;0.00;0.00;30;20;3.48;0.37;0.22;0.00;100;120
0.01;35;35;0.00;0.00;30;20;3.48;0.37;0.22;0.00;100;120
0.01;35;34;0.00;0.00;30;20;3.48;0.37;0.22;0.00;100;120
0.01;35;34;0.00;0.00;30;20;3.48;0.37;0.22;0.00;100;120
0.01;35;34;0.00;0.00;30;20;3.48;0.37;0.22;0.00;100;120
0.01;35;34;0.00;0.00;30;20;3.48;0.37;0.22;0.00;100;120
0.01;35;34;0.00;0.00;30;20;3.48;0.37;0.22;0.00;100;120
0.01;35;34;0.00;0.00;30;20;3.48;0.37;0.22;0.00;100;120
0.01;35;34;0.00;0.00;30;20;3.48;0.37;0.22;0.00;100;120
0.02;35;34;0.00;0.00;30;20;3.48;0.37;0.22;0.00;100;120
0.01;35;34;0.00;0.00;30;20;3.48;0.37;0.22;0.00;100;120
0.01;35;34;0.00;0.00;30;20;3.48;0.37;0.22;0.00;100;120
0.01;35;34;0.00;0.00;30;20;3.48;0.37;0.22;0.00;100;120
0.01;35;34;0.00;0.00;30;20;3.48;0.37;0.22;0.00;100;120
0.01;35;34;0.00;0.00;30;20;3.48;0.37;0.22;0.00;100;120