0.01;97;97;0.00;0.00;30;20;0.00;0.00;0.00;0.00;0;0
0.02;97;95;0.00;0.00;30;20;0.00;0.00;0.00;0.00;0;0
0.02;97;96;0.00;0.00;30;20;0.00;0.00;0.00;0.00;0;0
0.02;97;97;0.00;0.00;30;20;0.00;0.00;0.00;0.00;0;0
0.02;97;97;0.00;0.00;30;20;0.00;0.00;0.00;0.00;0;0
0.02;97;97;0.00;0.00;30;20;0.00;0.00;0.00;0.00;0;0
0.02;97;98;0.00;0.00;30;20;0.00;0.00;0.00;0.00;0;0
0.02;96;97;0.00;0.00;30;20;0.00;0.00;0.00;0.00;0;0
0.02;97;98;0.00;0.00;30;20;0.00;0.00;0.00;0.00;0;0
0.02;97;97;0.00;0.00;30;20;0.00;0.00;0.00;0.00;0;0
0.02;96;96;0.00;0.00;30;20;0.00;0.00;0.00;0.00;0;0
0.02;98;97;0.00;0.00;30;20;0.00;0.00;0.00;0.00;0;0
0.02;97;96;0.00;0.00;30;20;0.00;0.00;0.00;0.00;0;0
0.02;97;97;0.00;0.00;30;20;0.00;0.00;0.00;0.00;0;0
0.01;96;96;0.00;0.00;30;20;0.00;0.00;0.00;0.00;0;0
0.02;97;95;0.00;0.00;30;20;0.00;0.00;0.00;0.00;0;0
0.02;97;96;0.00;0.00;30;20;0.00;0.00;0.00;0.00;0;0
0.02;97;97;0.00;0.00;30;20;0.00;0.00;0.00;0.00;0;0
0.02;96;97;0.00;0.00;30;20;0.00;0.00;0.00;0.00;0;0
0.01;96;97;0.00;0.00;30;20;0.00;0.00;0.00;0.00;0;0
0.02;97;97;0.00;0.00;30;20;0.00;0.00;0.00;0.00;0;0
0.02;97;97;0.00;0.00;30;20;0.00;0.00;0.00;0.00;0;0
0.02;97;97;0.00;0.00;30;20;0.00;0.00;0.00;0.00;0;0
0.02;97;97;0.00;0.00;30;20;0.00;0.00;0.00;0.00;0;0
0.02;97;96;0.00;0.00;30;20;0.00;0.00;0.00;0.00;0;0
0.02;97;97;0.00;0.00;30;20;0.00;0.00;0.00;0.00;0;0
0.02;97;97;0.00;0.00;30;20;0.00;0.00;0.00;0.00;0;0
0.02;96;96;0.00;0.00;30;20;0.00;0.00;0.00;0.00;0;0
0.02;96;97;0.00;0.00;30;20;0.00;0.00;0.00;0.00;0;0
0.02;96;96;0.00;0.00;30;20;0.00;0.00;0.00;0.00;0;0
0.02;97;98;0.00;0.00;30;20;0.00;0.00;0.00;0.00;0;0
0.02;97;96;0.00;0.00;30;20;0.00;0.00;0.00;0.00;0;0
0.02;97;96;0.00;0.00;30;20;0.00;0.00;0.00;0.00;0;0
0.02;97;97;0.00;0.00;30;20;0.00;0.00;0.00;0.00;0;0
0.02;96;96;0.00;0.00;30;20;0.00;0.00;0.00;0.00;0;0
0.02;97;96;0.00;0.00;30;20;0.00;0.00;0.00;0.00;0;0
0.02;97;96;0.00;0.00;30;20;0.00;0.00;0.00;0.00;0;0
0.01;96;97;0.00;0.00;30;20;0.00;0.00;0.00;0.00;0;0
0.02;97;97;0.00;0.00;30;20;0.00;0.00;0.00;0.00;0;0
0.02;97;97;0.00;0.00;30;20;0.00;0.00;0.00;0.00;0;0
0.02;97;97;0.00;0.00;30;20;0.00;0.00;0.00;0.00;0;0
0.02;97;97;0.00;0.00;30;20;0.00;0.00;0.00;0.00;0;0
0.02;97;98;0.00;0.00;30;20;0.00;0.00;0.00;0.00;0;0
0.02;98;97;0.00;0.00;30;20;0.00;0.00;0.00;0.00;0;0
0.02;97;97;0.00;0.00;30;20;0.00;0.00;0.00;0.00;0;0
0.02;97;97;0.00;0.00;30;20;0.00;0.00;0.00;0.00;0;0
0.02;97;96;0.00;0.00;30;20;0.00;0.00;0.00;0.00;0;0
0.02;97;96;0.00;0.00;30;20;0.00;0.00;0.00;0.00;0;0
0.02;98;97;0.00;0.00;30;20;0.00;0.00;0.00;0.00;0;0
0.02;96;96;0.00;0.00;30;20;0.00;0.00;0.00;0.00;0;0
0.01;97;97;0.00;0.00;30;20;0.00;0.00;0.00;0.00;0;0
0.02;96;97;0.00;0.00;30;20;0.00;0.00;0.00;0.00;0;0
0.02;97;97;0.00;0.00;30;20;0.00;0.00;0.00;0.00;0;0
0.02;97;97;0.00;0.00;30;20;0.00;0.00;0.00;0.00;0;0
0.02;97;97;0.00;0.00;30;20;0.00;0.00;0.00;0.00;0;0
0.02;97;96;0.00;0.00;30;20;0.00;0.00;0.00;0.00;0;0
0.01;96;97;0.00;0.00;30;20;0.00;0.00;0.00;0.00;0;0
0.02;97;96;0.00;0.00;30;20;0.00;0.00;0.00;0.00;0;0
0.02;96;97;0.00;0.00;30;20;0.00;0.00;0.00;0.00;0;0
0.02;96;97;0.00;0.00;30;20;0.00;0.00;0.00;0.00;0;0
0.02;97;96;0.00;0.00;30;20;0.00;0.00;0.00;0.00;0;0
0.02;97;96;0.00;0.00;30;20;0.00;0.00;0.00;0.00;0;0
0.02;97;96;0.00;0.00;30;20;0.00;0.00;0.00;0.00;0;0
0.02;96;97;0.00;0.00;30;20;0.00;0.00;0.00;0.00;0;0
0.02;96;98;0.00;0.00;30;20;0.00;0.00;0.00;0.00;0;0
0.02;97;97;0.00;0.00;30;20;0.00;0.00;0.00;0.00;0;0
0.02;96;97;0.00;0.00;30;20;0.00;0.00;0.00;0.00;0;0
0.02;96;97;0.00;0.00;30;20;0.00;0.00;0.00;0.00;0;0
0.01;97;98;0.00;0.00;30;20;0.00;0.00;0.00;0.00;0;0
0.02;97;97;0.00;0.00;30;20;0.00;0.00;0.00;0.00;0;0
0.02;98;98;0.00;0.00;30;20;0.00;0.00;0.00;0.00;0;0
0.02;97;97;0.00;0.00;30;20;0.00;0.00;0.00;0.00;0;0
0.02;97;98;0.00;0.00;30;20;0.00;0.00;0.00;0.00;0;0
0.02;98;96;0.00;0.00;30;20;0.00;0.00;0.00;0.00;0;0
0.02;97;97;0.00;0.00;30;20;0.00;0.00;0.00;0.00;0;0
0.02;97;97;0.00;0.00;30;20;0.00;0.00;0.00;0.00;0;0
0.01;98;97;0.00;0.00;30;20;0.00;0.00;0.00;0.00;0;0
0.02;97;97;0.00;0.00;30;20;0.00;0.00;0.00;0.00;0;0
0.02;97;97;0.00;0.00;30;20;0.00;0.00;0.00;0.00;0;0
0.02;97;97;0.00;0.00;30;20;0.00;0.00;0.00;0.00;0;0
0.02;96;98;0.00;0.00;30;20;0.00;0.00;0.00;0.00;0;0
0.02;97;97;0.00;0.00;30;20;0.00;0.00;0.00;0.00;0;0
0.02;97;97;0.00;0.00;30;20;0.00;0.00;0.00;0.00;0;0
0.02;96;97;0.00;0.00;30;20;0.00;0.00;0.00;0.00;0;0
0.01;96;97;0.00;0.00;30;20;0.00;0.00;0.00;0.00;0;0
0.02;96;96;0.00;0.00;30;20;0.00;0.00;0.00;0.00;0;0
0.02;97;97;0.00;0.00;30;20;0.00;0.00;0.00;0.00;0;0
0.02;97;97;0.00;0.00;30;20;0.00;0.00;0.00;0.00;0;0
0.02;96;96;0.00;0.00;30;20;0.00;0.00;0.00;0.00;0;0
0.02;97;97;0.00;0.00;30;20;0.00;0.00;0.00;0.00;0;0
0.02;96;97;0.00;0.00;30;20;0.00;0.00;0.00;0.00;0;0
0.02;97;96;0.00;0.00;30;20;0.00;0.00;0.00;0.00;0;0
0.02;96;97;0.00;0.00;30;20;0.00;0.00;0.00;0.00;0;0
0.02;97;98;0.00;0.00;30;20;0.00;0.00;0.00;0.00;0;0
0.02;97;98;0.00;0.00;30;20;0.00;0.00;0.00;0.00;0;0
0.02;96;97;0.00;0.00;30;20;0.00;0.00;0.00;0.00;0;0
0.02;97;97;0.00;0.00;30;20;0.00;0.00;0.00;0.00;0;0
0.02;96;97;0.00;0.00;30;20;0.00;0.00;0.00;0.00;0;0
0.02;96;97;0.00;0.00;30;20;0.00;0.00;0.00;0.00;0;0
0.02;96;97;0.00;0.00;30;20;0.00;0.00;0.00;0.00;0;0
0.02;97;96;0.00;0.00;30;20;0.00;0.00;0.00;0.00;0;0
0.02;98;97;0.00;0.00;30;20;0.00;0.00;0.00;0.00;0;0
0.02;97;96;0.00;0.00;30;20;0.00;0.00;0.00;0.00;0;0
0.01;96;98;0.00;0.00;30;20;0.00;0.00;0.00;0.00;0;0
0.02;97;96;0.00;0.00;30;20;0.00;0.00;0.00;0.00;0;0
0.02;97;96;0.00;0.00;30;20;0.00;0.00;0.00;0.00;0;0
0.02;96;96;0.00;0.00;30;20;0.00;0.00;0.00;0.00;0;0
0.02;96;97;0.00;0.00;30;20;0.00;0.00;0.00;0.00;0;0
0.01;96;96;0.00;0.00;30;20;0.00;0.00;0.00;0.00;0;0
0.02;97;97;0.00;0.00;30;20;0.00;0.00;0.00;0.00;0;0
0.02;97;96;0.00;0.00;30;20;0.00;0.00;0.00;0.00;0;0
0.02;98;98;0.00;0.00;30;20;0.00;0.00;0.00;0.00;0;0
0.02;97;96;0.00;0.00;30;20;0.00;0.00;0.00;0.00;0;0
0.02;97;97;0.00;0.00;30;20;0.00;0.00;0.00;0.00;0;0
0.02;97;96;0.00;0.00;30;20;0.00;0.00;0.00;0.00;0;0
0.02;96;96;0.00;0.00;30;20;0.00;0.00;0.00;0.00;0;0
0.02;97;97;0.00;0.00;30;20;0.00;0.00;0.00;0.00;0;0
0.02;97;97;0.00;0.00;30;20;0.00;0.00;0.00;0.00;0;0
0.02;97;96;0.00;0.00;30;20;0.00;0.00;0.00;0.00;0;0
0.02;97;96;0.00;0.00;30;20;0.00;0.00;0.00;0.00;0;0
0.02;97;97;0.00;0.00;30;20;0.00;0.00;0.00;0.00;0;0
0.02;97;97;0.00;0.00;30;20;0.00;0.00;0.00;0.00;0;0
0.02;97;96;0.00;0.00;30;20;0.00;0.00;0.00;0.00;0;0
0.02;97;97;0.00;0.00;30;20;0.00;0.00;0.00;0.00;0;0
0.02;96;96;0.00;0.00;30;20;0.00;0.00;0.00;0.00;0;0
0.02;97;96;0.00;0.00;30;20;0.00;0.00;0.00;0.00;0;0
0.01;96;97;0.00;0.00;30;20;0.00;0.00;0.00;0.00;0;0
0.02;98;96;0.00;0.00;30;20;0.00;0.00;0.00;0.00;0;0
0.02;97;97;0.00;0.00;30;20;0.00;0.00;0.00;0.00;0;0
0.02;97;96;0.00;0.00;30;20;0.00;0.00;0.00;0.00;0;0
0.02;96;96;0.00;0.00;30;20;0.00;0.00;0.00;0.00;0;0
0.02;97;97;0.00;0.00;30;20;0.00;0.00;0.00;0.00;0;0
0.02;97;97;0.00;0.00;30;20;0.00;0.00;0.00;0.00;0;0
0.02;97;97;0.00;0.00;30;20;0.00;0.00;0.00;0.00;0;0
0.02;97;96;0.00;0.00;30;20;0.00;0.00;0.00;0.00;0;0
0.02;97;96;0.00;0.00;30;20;0.00;0.00;0.00;0.00;0;0
0.02;96;98;0.00;0.00;30;20;0.00;0.00;0.00;0.00;0;0
0.02;97;96;0.00;0.00;30;20;0.00;0.00;0.00;0.00;0;0
0.01;97;97;0.00;0.00;30;20;0.00;0.00;0.00;0.00;0;0
0.02;97;97;0.00;0.00;30;20;0.00;0.00;0.00;0.00;0;0
0.02;96;96;0.00;0.00;30;20;0.00;0.00;0.00;0.00;0;0
0.02;97;96;0.00;0.00;30;20;0.00;0.00;0.00;0.00;0;0
0.02;97;95;0.00;0.00;30;20;0.00;0.00;0.00;0.00;0;0
0.02;97;96;0.00;0.00;30;20;0.00;0.00;0.00;0.00;0;0
0.02;97;96;0.00;0.00;30;20;0.00;0.00;0.00;0.00;0;0
0.02;98;96;0.00;0.00;30;20;0.00;0.00;0.00;0.00;0;0
0.02;98;96;0.00;0.00;30;20;0.00;0.00;0.00;0.00;0;0
0.02;97;96;0.00;0.00;30;20;0.00;0.00;0.00;0.00;0;0
0.02;97;96;0.00;0.00;30;20;0.00;0.00;0.00;0.00;0;0
0.02;97;96;0.00;0.00;30;20;0.00;0.00;0.00;0.00;0;0
0.01;97;98;0.00;0.00;30;20;0.00;0.00;0.00;0.00;0;0
0.02;97;96;0.00;0.00;30;20;0.00;0.00;0.00;0.00;0;0
0.02;96;96;0.00;0.00;30;20;0.00;0.00;0.00;0.00;0;0
0.02;97;96;0.00;0.00;30;20;0.00;0.00;0.00;0.00;0;0
0.02;97;96;0.00;0.00;30;20;0.00;0.00;0.00;0.00;0;0
0.01;97;97;0.00;0.00;30;20;0.00;0.00;0.00;0.00;0;0
0.02;96;97;0.00;0.00;30;20;0.00;0.00;0.00;0.00;0;0
0.02;97;97;0.00;0.00;30;20;0.00;0.00;0.00;0.00;0;0
0.02;97;97;0.00;0.00;30;20;0.00;0.00;0.00;0.00;0;0
0.02;98;97;0.00;0.00;30;20;0.00;0.00;0.00;0.00;0;0
0.02;98;95;0.00;0.00;30;20;0.00;0.00;0.00;0.00;0;0
0.02;97;97;0.00;0.00;30;20;0.00;0.00;0.00;0.00;0;0
0.02;97;95;0.00;0.00;30;20;0.00;0.00;0.00;0.00;0;0
0.01;97;98;0.00;0.00;30;20;0.00;0.00;0.00;0.00;0;0
0.02;96;95;0.00;0.00;30;20;0.00;0.00;0.00;0.00;0;0
0.02;97;95;0.00;0.00;30;20;0.00;0.00;0.00;0.00;0;0
0.02;97;97;0.00;0.00;30;20;0.00;0.00;0.00;0.00;0;0
0.02;97;96;0.00;0.00;30;20;0.00;0.00;0.00;0.00;0;0
0.01;97;97;0.00;0.00;30;20;0.00;0.00;0.00;0.00;0;0
0.02;97;96;0.00;0.00;30;20;0.00;0.00;0.00;0.00;0;0
0.02;97;97;0.00;0.00;30;20;0.00;0.00;0.00;0.00;0;0
0.02;97;96;0.00;0.00;30;20;0.00;0.00;0.00;0.00;0;0
0.02;97;98;0.00;0.00;30;20;0.00;0.00;0.00;0.00;0;0
0.02;98;97;0.00;0.00;30;20;0.00;0.00;0.00;0.00;0;0
0.02;97;98;0.00;0.00;30;20;0.00;0.00;0.00;0.00;0;0
0.02;96;96;0.00;0.00;30;20;0.00;0.00;0.00;0.00;0;0
0.01;97;97;0.00;0.00;30;20;0.00;0.00;0.00;0.00;0;0
0.02;96;97;0.00;0.00;30;20;0.00;0.00;0.00;0.00;0;0
0.02;97;97;0.00;0.00;30;20;0.00;0.00;0.00;0.00;0;0
0.02;98;98;0.00;0.00;30;20;0.00;0.00;0.00;0.00;0;0
0.02;97;98;0.00;0.00;30;20;0.00;0.00;0.00;0.00;0;0
0.02;97;97;0.00;0.00;30;20;0.00;0.00;0.00;0.00;0;0
0.01;97;97;0.00;0.00;30;20;0.00;0.00;0.00;0.00;0;0
0.02;97;98;0.00;0.00;30;20;0.00;0.00;0.00;0.00;0;0
0.02;97;97;0.00;0.00;30;20;0.00;0.00;0.00;0.00;0;0
0.02;96;97;0.00;0.00;30;20;0.00;0.00;0.00;0.00;0;0
0.02;97;97;0.00;0.00;30;20;0.00;0.00;0.00;0.00;0;0
0.02;97;96;0.00;0.00;30;20;0.00;0.00;0.00;0.00;0;0
0.02;97;97;0.00;0.00;30;20;0.00;0.00;0.00;0.00;0;0
0.01;96;97;0.00;0.00;30;20;0.00;0.00;0.00;0.00;0;0
0.02;97;96;0.00;0.00;30;20;0.00;0.00;0.00;0.00;0;0
0.02;96;97;0.00;0.00;30;20;0.00;0.00;0.00;0.00;0;0
0.02;97;97;0.00;0.00;30;20;0.00;0.00;0.00;0.00;0;0
0.02;97;97;0.00;0.00;30;20;0.00;0.00;0.00;0.00;0;0
0.02;97;97;0.00;0.00;30;20;0.00;0.00;0.00;0.00;0;0
0.02;97;97;0.00;0.00;30;20;0.00;0.00;0.00;0.00;0;0
0.02;97;97;0.00;0.00;30;20;0.00;0.00;0.00;0.00;0;0
0.02;97;97;0.00;0.00;30;20;0.00;0.00;0.00;0.00;0;0
0.02;97;96;0.00;0.00;30;20;0.00;0.00;0.00;0.00;0;0
0.02;98;96;0.00;0.00;30;20;0.00;0.00;0.00;0.00;0;0
0.02;97;97;0.00;0.00;30;20;0.00;0.00;0.00;0.00;0;0
0.02;98;96;0.00;0.00;30;20;0.00;0.00;0.00;0.00;0;0
0.02;97;96;0.00;0.00;30;20;0.00;0.00;0.00;0.00;0;0
0.01;97;97;0.00;0.00;30;20;0.00;0.00;0.00;0.00;0;0
0.02;97;97;0.00;0.00;30;20;0.00;0.00;0.00;0.00;0;0
0.02;97;95;0.00;0.00;30;20;0.00;0.00;0.00;0.00;0;0
0.02;97;96;0.00;0.00;30;20;0.00;0.00;0.00;0.00;0;0
0.02;96;96;0.00;0.00;30;20;0.00;0.00;0.00;0.00;0;0
0.01;96;96;0.00;0.00;30;20;0.00;0.00;0.00;0.00;0;0
0.02;97;97;0.00;0.00;30;20;0.00;0.00;0.00;0.00;0;0
0.02;98;96;0.00;0.00;30;20;0.00;0.00;0.00;0.00;0;0
0.02;97;97;0.00;0.00;30;20;0.00;0.00;0.00;0.00;0;0
0.02;97;96;0.00;0.00;30;20;0.00;0.00;0.00;0.00;0;0
0.02;97;97;0.00;0.00;30;20;0.00;0.00;0.00;0.00;0;0
0.01;97;97;0.00;0.00;30;20;0.00;0.00;0.00;0.00;0;0
0.02;97;95;0.00;0.00;30;20;0.00;0.00;0.00;0.00;0;0
0.02;97;96;0.00;0.00;30;20;0.00;0.00;0.00;0.00;0;0
0.02;97;97;0.00;0.00;30;3;0.00;0.00;0.00;0.00;255;255
0.02;67;94;1.64;0.00;30;3;0.00;-0.00;-0.01;0.00;177;255
0.01;97;96;0.00;1.64;30;3;0.00;-0.00;-0.00;0.00;255;177
0.02;68;94;1.64;1.64;30;3;0.00;-0.00;-0.00;0.00;178;179
0.01;97;96;0.00;1.64;30;3;0.00;-0.00;0.01;0.00;255;180
0.02;71;94;0.00;1.64;30;3;0.00;0.00;0.02;0.00;255;181
0.02;96;95;1.64;3.27;30;3;0.00;0.00;0.02;0.00;179;100
0.02;98;96;3.27;1.64;30;3;0.01;0.00;0.02;0.00;99;183
0.02;97;96;3.27;3.27;30;3;0.01;0.00;0.02;0.00;100;101
0.02;96;94;3.27;3.27;30;3;0.01;0.00;0.02;0.00;100;102
0.02;96;94;3.27;1.64;30;3;0.01;0.00;0.01;0.00;100;183
0.02;95;94;3.27;3.27;30;3;0.01;0.00;0.01;0.00;99;102
0.02;96;95;3.27;3.27;30;3;0.01;0.00;0.01;0.00;99;103
0.02;95;94;3.27;3.27;30;3;0.02;0.00;0.01;0.00;99;102
0.02;96;95;3.27;3.27;30;3;0.02;0.00;0.01;0.00;99;102
0.02;95;94;3.27;3.27;30;3;0.02;0.00;0.01;0.00;98;102
0.02;95;94;3.27;3.27;30;3;0.02;0.00;0.01;0.00;98;102
0.02;94;94;3.27;3.27;30;3;0.02;0.00;0.01;0.00;98;101
0.02;94;93;3.27;3.27;30;3;0.02;0.00;0.01;0.00;98;101
0.02;93;93;3.27;3.27;30;3;0.03;0.00;0.01;0.00;98;101
0.02;93;93;3.27;3.27;30;3;0.03;0.00;0.01;0.00;97;101
0.02;93;92;3.27;3.27;30;3;0.03;0.00;0.01;0.00;97;101
0.02;93;93;3.27;3.27;30;3;0.03;0.00;0.01;0.00;97;100
0.02;93;93;3.27;3.27;30;3;0.03;0.00;0.01;0.00;97;100
0.02;92;92;3.27;1.64;30;3;0.03;0.00;-0.00;0.00;96;182
0.02;91;92;3.27;3.27;30;3;0.04;0.00;-0.00;0.00;96;100
0.02;92;91;3.27;3.27;30;3;0.04;0.00;-0.00;0.00;96;101
0.01;93;92;3.27;3.27;30;3;0.04;0.00;-0.00;0.00;96;101
0.02;92;91;4.91;3.27;30;3;0.04;0.00;-0.01;0.00;13;100
0.02;92;91;3.27;4.91;30;3;0.04;0.00;-0.00;0.00;95;17
0.02;91;90;3.27;3.27;30;3;0.05;0.00;-0.00;0.00;94;100
0.02;91;90;3.27;3.27;30;3;0.05;0.00;-0.00;0.00;94;98
0.02;92;90;3.27;3.27;30;3;0.05;0.00;-0.00;0.00;93;98
0.02;90;89;3.27;3.27;30;3;0.05;0.00;-0.00;0.00;93;98
0.02;90;88;3.27;3.27;30;3;0.05;0.00;-0.00;0.00;93;98
0.01;90;89;3.27;3.27;30;3;0.05;0.00;-0.00;0.00;93;97
0.02;92;90;3.27;3.27;30;3;0.06;0.00;-0.00;0.00;92;97
0.02;90;89;4.91;3.27;30;3;0.06;0.00;-0.01;0.00;9;97
0.02;89;89;3.27;3.27;30;3;0.06;0.00;-0.01;0.00;92;97
0.01;88;89;3.27;3.27;30;3;0.06;0.00;-0.01;0.00;90;97
0.02;89;90;3.27;3.27;30;3;0.06;0.00;-0.01;0.00;90;96
0.01;89;89;3.27;1.64;30;3;0.06;0.00;-0.02;0.00;90;178
0.02;87;85;3.27;1.64;30;3;0.07;0.00;-0.03;0.00;90;178
0.01;88;88;3.27;3.27;30;3;0.07;0.00;-0.03;0.00;90;97
0.01;89;89;3.27;3.27;30;3;0.07;-0.00;-0.03;0.00;89;98
0.02;89;89;3.27;3.27;30;3;0.07;-0.00;-0.03;0.00;89;98
0.01;88;86;3.27;3.27;30;3;0.07;-0.00;-0.03;0.00;89;98
0.01;88;89;4.91;3.27;30;3;0.07;-0.00;-0.04;0.00;6;98
0.02;87;89;3.27;3.27;30;3;0.08;-0.00;-0.04;0.00;88;97
0.01;86;87;1.64;3.27;30;3;0.08;-0.00;-0.03;0.00;169;97
0.02;86;88;4.91;3.27;30;3;0.08;-0.00;-0.04;0.00;4;97
0.02;87;88;3.27;1.64;30;3;0.08;-0.00;-0.04;0.00;88;178
0.01;86;83;1.64;3.27;30;3;0.08;-0.00;-0.04;0.00;168;97
0.02;86;89;3.27;3.27;30;3;0.08;-0.00;-0.04;0.00;86;98
0.02;87;87;3.27;3.27;30;3;0.08;-0.00;-0.04;0.00;87;97
0.01;86;87;3.27;3.27;30;3;0.09;-0.00;-0.04;0.00;87;97
0.02;85;87;3.27;3.27;30;3;0.09;-0.00;-0.04;0.00;87;97
0.01;87;87;3.27;3.27;30;3;0.09;-0.00;-0.04;0.00;87;97
0.02;85;86;3.27;3.27;30;3;0.09;-0.00;-0.04;0.00;86;96
0.02;86;87;3.27;3.27;30;3;0.09;-0.00;-0.04;0.00;86;96
0.01;86;86;3.27;3.27;30;3;0.09;-0.00;-0.04;0.00;86;96
0.01;85;86;3.27;3.27;30;3;0.10;-0.00;-0.04;0.00;86;96
0.02;85;85;3.27;3.27;30;3;0.10;-0.00;-0.04;0.00;85;96
0.01;83;84;3.27;3.27;30;3;0.10;-0.00;-0.04;0.00;85;95
0.02;85;84;3.27;3.27;30;3;0.10;-0.00;-0.04;0.00;85;95
0.01;84;84;3.27;3.27;30;3;0.10;-0.00;-0.04;0.00;85;95
0.01;85;84;3.27;3.27;30;3;0.10;-0.00;-0.04;0.00;85;95
0.02;85;84;3.27;3.27;30;3;0.11;-0.00;-0.04;0.00;84;95
0.01;85;80;4.91;3.27;30;3;0.11;-0.00;-0.04;0.00;1;94
0.01;85;83;3.27;3.27;30;3;0.11;-0.00;-0.04;0.00;84;94
0.02;83;79;3.27;3.27;30;3;0.11;-0.00;-0.04;0.00;83;94
0.01;85;81;3.27;3.27;30;3;0.11;-0.00;-0.04;0.00;82;94
0.01;83;82;3.27;3.27;30;3;0.11;-0.00;-0.04;0.00;82;94
0.02;84;81;3.27;3.27;30;3;0.12;-0.00;-0.04;0.00;82;93
0.01;83;80;3.27;3.27;30;3;0.12;-0.00;-0.04;0.00;82;93
0.01;83;80;3.27;4.91;30;3;0.12;-0.00;-0.04;0.00;82;10
0.02;82;78;3.27;3.27;30;3;0.12;-0.00;-0.04;0.00;81;93
0.01;82;80;3.27;3.27;30;3;0.12;-0.00;-0.04;0.00;81;91
0.02;83;78;3.27;3.27;30;3;0.12;-0.00;-0.04;0.00;81;91
0.01;83;79;3.27;3.27;30;3;0.13;-0.00;-0.04;0.00;81;91
0.01;81;78;3.27;3.27;30;3;0.13;-0.00;-0.04;0.00;81;91
0.01;81;78;3.27;3.27;30;3;0.13;-0.00;-0.04;0.00;80;90
0.01;82;77;3.27;3.27;30;3;0.13;-0.00;-0.04;0.00;80;90
0.01;82;78;3.27;3.27;30;3;0.13;-0.00;-0.04;0.00;80;90
0.02;82;77;3.27;3.27;30;3;0.13;-0.00;-0.04;0.00;80;90
0.01;81;78;3.27;3.27;30;3;0.14;-0.00;-0.04;0.00;80;90
0.01;81;77;3.27;3.27;30;3;0.14;-0.00;-0.04;0.00;79;89
0.02;81;76;3.27;3.27;30;3;0.14;-0.00;-0.04;0.00;79;89
0.01;81;77;3.27;3.27;30;3;0.14;-0.00;-0.04;0.00;79;89
0.01;80;76;3.27;3.27;30;3;0.14;-0.00;-0.04;0.00;79;89
0.02;80;77;3.27;3.27;30;3;0.14;-0.00;-0.04;0.00;79;89
0.01;81;77;1.64;3.27;30;3;0.14;-0.00;-0.03;0.00;160;88
0.01;76;76;1.64;3.27;30;3;0.15;-0.00;-0.02;0.00;160;88
0.01;76;76;3.27;3.27;30;3;0.15;-0.00;-0.02;0.00;79;88
0.01;82;75;3.27;1.64;30;3;0.15;-0.00;-0.03;0.00;80;170
0.01;82;74;1.64;1.64;30;3;0.15;-0.00;-0.03;0.00;162;170
0.01;80;73;1.64;4.91;30;3;0.15;-0.00;-0.01;0.00;162;6
0.01;82;74;3.27;3.27;30;3;0.15;-0.00;-0.01;0.00;81;90
0.01;81;74;3.27;3.27;30;3;0.15;-0.00;-0.01;0.00;82;88
0.01;80;74;3.27;3.27;30;3;0.16;-0.00;-0.01;0.00;81;88
0.01;81;74;3.27;3.27;30;3;0.16;-0.00;-0.01;0.00;81;88
0.01;81;73;3.27;3.27;30;3;0.16;-0.00;-0.01;0.00;81;88
0.01;82;73;4.91;3.27;30;3;0.16;-0.00;-0.02;0.00;0;87
0.01;81;72;3.27;3.27;30;3;0.16;-0.00;-0.02;0.00;82;87
0.01;81;73;3.27;3.27;30;3;0.16;-0.00;-0.02;0.00;81;87
0.02;83;73;3.27;3.27;30;3;0.17;-0.00;-0.02;0.00;81;87
0.01;83;73;3.27;3.27;30;3;0.17;-0.00;-0.02;0.00;80;87
0.01;84;73;3.27;1.64;30;3;0.17;-0.00;-0.03;0.00;80;168
0.01;73;73;3.27;1.64;30;3;0.17;-0.00;-0.04;0.00;80;168
0.01;76;73;3.27;4.91;30;3;0.17;-0.00;-0.03;0.00;80;4
0.01;84;72;3.27;3.27;30;3;0.17;-0.00;-0.03;0.00;80;88
0.01;83;72;3.27;3.27;30;3;0.17;-0.00;-0.03;0.00;79;87
0.01;83;71;3.27;3.27;30;3;0.18;-0.00;-0.03;0.00;79;87
0.01;83;72;3.27;3.27;30;3;0.18;-0.00;-0.03;0.00;79;87
0.01;82;73;3.27;3.27;30;3;0.18;-0.00;-0.03;0.00;79;86
0.01;81;73;3.27;3.27;30;3;0.18;-0.00;-0.03;0.00;79;86
0.01;79;74;3.27;3.27;30;3;0.18;-0.00;-0.03;0.00;78;86
0.01;79;73;3.27;3.27;30;3;0.18;-0.00;-0.03;0.00;78;86
0.01;78;72;3.27;3.27;30;3;0.18;-0.00;-0.03;0.00;78;86
0.01;79;73;1.64;1.64;30;3;0.19;-0.00;-0.03;0.00;160;167
0.01;74;70;1.64;3.27;30;3;0.19;-0.00;-0.02;0.00;160;85
0.01;75;70;4.91;3.27;30;3;0.19;-0.00;-0.03;0.00;0;86
0.01;75;72;3.27;3.27;30;3;0.19;-0.00;-0.03;0.00;81;86
0.01;73;72;1.64;3.27;30;3;0.19;-0.00;-0.02;0.00;161;86
0.01;73;72;3.27;3.27;30;3;0.19;-0.00;-0.02;0.00;79;86
0.01;72;69;3.27;1.64;30;3;0.19;-0.00;-0.03;0.00;80;167
0.01;73;68;3.27;3.27;30;3;0.20;-0.00;-0.03;0.00;80;85
0.01;73;68;3.27;3.27;30;3;0.20;-0.00;-0.03;0.00;80;86
0.01;72;68;3.27;3.27;30;3;0.20;-0.00;-0.03;0.00;80;86
0.01;71;68;3.27;3.27;30;3;0.20;-0.00;-0.03;0.00;80;86
0.01;71;68;3.27;1.64;30;3;0.20;-0.00;-0.04;0.00;79;168
0.01;71;67;3.27;3.27;30;3;0.20;-0.00;-0.04;0.00;0;141
0.01;71;68;3.27;3.27;30;3;0.20;-0.00;-0.04;0.00;0;140
0.01;71;67;1.64;1.64;30;3;0.20;-0.00;-0.04;0.00;0;140
0.01;71;67;3.27;1.64;30;3;0.21;-0.00;-0.04;0.00;0;140
0.01;72;68;3.27;3.27;30;3;0.21;-0.00;-0.04;0.00;0;140
0.01;76;67;1.64;3.27;30;3;0.21;-0.00;-0.04;0.00;0;140
0.01;79;67;3.27;3.27;30;3;0.21;-0.00;-0.04;0.00;0;140
0.01;80;67;1.64;3.27;30;3;0.21;-0.00;-0.03;0.00;0;140
0.01;80;66;1.64;3.27;30;3;0.21;-0.00;-0.02;0.00;0;139
0.01;78;66;3.27;3.27;30;3;0.21;-0.00;-0.02;0.00;0;139
0.01;77;66;1.64;3.27;30;3;0.21;-0.00;-0.01;0.00;0;139
0.01;76;67;1.64;3.27;30;3;0.22;-0.00;-0.00;0.00;0;139
0.01;77;65;1.64;1.64;30;3;0.22;-0.00;-0.00;0.00;0;139
0.01;77;67;1.64;3.27;30;3;0.22;-0.00;0.00;0.00;0;139
0.01;78;65;0.00;3.27;30;3;0.22;-0.00;0.02;0.00;0;138
0.01;77;65;1.64;3.27;30;3;0.22;-0.00;0.03;0.00;0;138
0.01;77;66;1.64;3.27;30;3;0.22;-0.00;0.03;0.00;0;138
0.01;68;65;1.64;3.27;30;3;0.22;-0.00;0.04;0.00;0;138
0.01;69;65;0.00;3.27;30;3;0.22;-0.00;0.05;0.00;0;138
0.01;67;65;1.64;3.27;30;3;0.22;-0.00;0.06;0.00;0;137
0.01;67;65;1.64;3.27;30;3;0.22;-0.00;0.07;0.00;0;137
0.01;66;65;0.00;4.91;30;3;0.23;-0.00;0.09;0.00;0;137
0.01;66;64;1.64;3.27;30;3;0.23;-0.00;0.10;0.00;0;136
0.01;66;65;0.00;3.27;30;3;0.23;-0.00;0.11;0.00;0;136
0.01;65;65;1.64;4.91;30;3;0.23;-0.00;0.13;0.00;0;136
0.01;65;66;0.00;3.27;30;3;0.23;-0.00;0.14;0.00;0;135
0.01;64;66;1.64;4.91;30;3;0.23;-0.00;0.16;0.00;0;135
0.01;66;66;0.00;3.27;30;3;0.23;-0.00;0.17;0.00;0;135
0.01;80;67;0.00;4.91;30;3;0.23;-0.00;0.20;0.00;0;134
0.01;80;66;1.64;3.27;30;3;0.23;-0.00;0.21;0.00;0;134
0.01;74;66;0.00;4.91;30;3;0.24;-0.00;0.23;0.00;0;133
0.01;96;66;0.00;4.91;30;3;0.24;-0.00;0.25;0.00;0;133
0.01;72;66;0.00;3.27;30;3;0.24;-0.00;0.27;0.00;0;132
0.01;71;66;0.00;4.91;30;3;0.24;-0.00;0.29;0.00;0;132
0.01;68;66;0.00;3.27;30;3;0.24;-0.00;0.30;0.00;0;131
0.01;69;66;0.00;4.91;30;3;0.24;-0.00;0.33;0.00;0;131
0.01;70;66;0.00;3.27;30;3;0.24;-0.00;0.34;0.00;0;130
0.01;70;67;0.00;4.91;30;3;0.24;-0.00;0.36;0.00;0;130
0.01;95;68;0.00;4.91;30;3;0.24;-0.00;0.39;0.00;0;129
0.01;71;68;0.00;4.91;30;3;0.24;0.00;0.41;0.00;0;129
0.01;70;70;0.00;3.27;30;3;0.24;0.00;0.42;0.00;0;128
0.01;93;87;0.00;4.91;30;3;0.25;0.00;0.45;0.00;0;128
0.01;92;88;0.00;4.91;30;3;0.25;0.00;0.47;0.00;0;127
0.02;93;87;0.00;4.91;30;3;0.25;0.00;0.50;0.00;0;127
0.02;66;99;0.00;4.91;30;3;0.25;0.00;0.52;0.00;0;126
0.01;96;106;0.00;4.91;30;3;0.25;0.00;0.54;0.00;0;125
0.02;88;108;0.00;4.91;30;3;0.25;0.00;0.57;0.00;0;125
0.02;88;107;0.00;6.54;30;3;0.25;0.01;0.61;0.00;0;124
0.02;99;110;0.00;4.91;30;3;0.25;0.01;0.64;0.00;0;123
0.02;83;103;0.00;6.54;30;3;0.26;0.01;0.67;0.00;0;122
0.02;82;104;0.00;4.91;30;3;0.26;0.01;0.70;0.00;0;121
0.02;108;107;0.00;4.91;30;3;0.26;0.01;0.72;0.00;0;121
0.02;102;102;0.00;4.91;30;3;0.26;0.01;0.75;0.00;0;120
0.02;108;113;0.00;4.91;30;3;0.26;0.01;0.78;0.00;0;119
0.02;107;107;0.00;4.91;30;3;0.26;0.01;0.81;0.00;0;119
0.02;105;105;0.00;4.91;30;3;0.26;0.01;0.84;0.00;0;118
0.02;105;105;0.00;4.91;30;3;0.26;0.01;0.87;0.00;0;117
0.02;106;104;0.00;4.91;30;3;0.26;0.02;0.90;0.00;0;117
0.02;104;105;0.00;6.54;30;3;0.26;0.02;0.93;0.00;0;116
0.02;105;104;0.00;4.91;30;3;0.26;0.02;0.96;0.00;0;115
0.02;103;103;0.00;4.91;30;3;0.27;0.02;0.99;0.00;0;114
0.02;103;101;0.00;6.54;30;3;0.27;0.02;1.03;0.00;0;113
0.02;101;101;0.00;4.91;30;3;0.27;0.02;1.05;0.00;0;113
0.02;103;99;0.00;4.91;30;3;0.27;0.02;1.08;0.00;0;112
0.02;102;101;0.00;4.91;30;3;0.27;0.02;1.11;0.00;0;111
0.02;99;105;0.00;4.91;30;3;0.27;0.03;1.14;0.00;0;110
0.02;100;101;0.00;4.91;30;3;0.27;0.03;1.17;0.00;0;110
0.02;99;105;0.00;4.91;30;3;0.27;0.03;1.19;0.00;110;0
0.02;99;105;0.00;4.91;30;3;0.27;0.03;1.22;0.00;244;3
0.02;100;99;0.00;3.27;30;3;0.27;0.03;1.24;0.00;245;86
0.02;103;100;1.64;3.27;30;3;0.27;0.03;1.25;0.00;164;84
0.02;110;108;3.27;4.91;30;3;0.27;0.03;1.26;0.00;85;1
0.02;104;110;1.64;3.27;30;3;0.27;0.04;1.27;0.00;167;83
0.02;99;116;3.27;3.27;30;3;0.27;0.04;1.27;0.00;86;82
0.02;98;101;3.27;1.64;30;3;0.27;0.04;1.26;0.00;87;164
0.02;98;81;1.64;3.27;30;3;0.27;0.04;1.27;0.00;168;82
0.02;98;110;3.27;3.27;30;3;0.27;0.04;1.27;0.00;87;83
0.02;98;105;3.27;3.27;30;3;0.28;0.04;1.27;0.00;87;83
0.02;98;104;3.27;1.64;30;3;0.28;0.04;1.26;0.00;87;164
0.02;95;99;1.64;3.27;30;3;0.28;0.05;1.27;0.00;169;83
0.02;96;83;3.27;3.27;30;3;0.28;0.05;1.27;0.00;87;84
0.01;95;105;3.27;1.64;30;3;0.28;0.05;1.26;0.00;88;165
0.02;101;99;3.27;3.27;30;3;0.28;0.05;1.26;0.00;88;83
0.02;94;118;4.91;3.27;30;3;0.28;0.05;1.25;0.00;5;84
0.02;101;107;3.27;1.64;30;3;0.28;0.05;1.24;0.00;87;166
0.02;98;104;3.27;3.27;30;3;0.28;0.06;1.24;0.00;85;84
0.02;95;107;3.27;3.27;30;3;0.28;0.06;1.24;0.00;85;85
0.02;96;104;1.64;3.27;30;3;0.28;0.06;1.25;0.00;167;85
0.02;93;97;3.27;3.27;30;3;0.28;0.06;1.25;0.00;85;84
0.02;96;104;3.27;1.64;30;3;0.28;0.06;1.24;0.00;86;166
0.02;96;97;3.27;3.27;30;3;0.28;0.06;1.24;0.00;86;84
0.02;96;96;3.27;3.27;30;3;0.28;0.07;1.24;0.00;86;85
0.02;95;98;3.27;1.64;30;3;0.28;0.07;1.23;0.00;85;166
0.02;93;97;3.27;1.64;30;3;0.28;0.07;1.23;0.00;85;167
0.02;95;98;3.27;3.27;30;3;0.28;0.07;1.23;0.00;85;86
0.02;95;97;3.27;3.27;30;3;0.28;0.07;1.23;0.00;85;87
0.02;94;95;3.27;3.27;30;3;0.29;0.07;1.23;0.00;84;87
0.02;94;95;3.27;3.27;30;3;0.29;0.07;1.23;0.00;84;86
0.02;92;95;3.27;3.27;30;3;0.29;0.08;1.23;0.00;84;86
0.02;91;94;3.27;3.27;30;3;0.29;0.08;1.23;0.00;84;86
0.02;93;93;4.91;3.27;30;3;0.29;0.08;1.22;0.00;1;86
0.02;93;94;3.27;3.27;30;3;0.29;0.08;1.22;0.00;83;85
0.02;90;93;1.64;3.27;30;3;0.29;0.08;1.23;0.00;163;85
0.02;89;91;3.27;4.91;30;3;0.29;0.08;1.23;0.00;82;2
0.01;95;94;3.27;3.27;30;3;0.29;0.09;1.23;0.00;83;84
0.02;90;93;3.27;1.64;30;3;0.29;0.09;1.22;0.00;82;165
0.01;92;92;3.27;3.27;30;3;0.29;0.09;1.22;0.00;82;83
0.02;92;93;3.27;3.27;30;3;0.29;0.09;1.22;0.00;82;84
0.02;92;92;3.27;3.27;30;3;0.29;0.09;1.22;0.00;82;84
0.02;94;92;3.27;3.27;30;3;0.29;0.09;1.22;0.00;81;84
0.02;97;92;3.27;3.27;30;3;0.29;0.10;1.22;0.00;81;84
0.02;92;92;3.27;3.27;30;3;0.29;0.10;1.22;0.00;81;83
0.02;98;91;3.27;3.27;30;3;0.29;0.10;1.22;0.00;81;83
0.02;91;91;3.27;3.27;30;3;0.30;0.10;1.22;0.00;81;83
0.02;97;91;3.27;3.27;30;3;0.30;0.10;1.22;0.00;80;83
0.02;93;91;3.27;1.64;30;3;0.30;0.10;1.22;0.00;80;164
0.02;92;90;3.27;3.27;30;3;0.30;0.11;1.22;0.00;80;83
0.01;91;91;3.27;3.27;30;3;0.30;0.11;1.22;0.00;80;83
0.02;97;90;3.27;3.27;30;3;0.30;0.11;1.22;0.00;79;83
0.02;91;90;3.27;3.27;30;3;0.30;0.11;1.22;0.00;79;83
0.02;94;89;3.27;3.27;30;3;0.30;0.11;1.22;0.00;79;83
0.02;91;89;1.64;3.27;30;3;0.30;0.11;1.22;0.00;161;82
0.02;89;84;3.27;3.27;30;3;0.30;0.11;1.22;0.00;79;82
0.01;89;89;3.27;3.27;30;3;0.30;0.12;1.22;0.00;80;82
0.02;91;88;3.27;3.27;30;3;0.30;0.12;1.22;0.00;79;82
0.01;90;88;3.27;3.27;30;3;0.30;0.12;1.22;0.00;79;82
0.02;90;88;3.27;3.27;30;3;0.30;0.12;1.22;0.00;79;81
0.01;88;88;3.27;3.27;30;3;0.30;0.12;1.22;0.00;79;81
0.02;91;88;3.27;3.27;30;3;0.30;0.12;1.22;0.00;79;81
0.02;97;88;3.27;1.64;30;3;0.30;0.13;1.22;0.00;78;162
0.02;97;88;3.27;3.27;30;3;0.30;0.13;1.22;0.00;78;81
0.02;97;88;3.27;3.27;30;3;0.31;0.13;1.22;0.00;78;82
0.02;94;88;3.27;3.27;30;3;0.31;0.13;1.22;0.00;78;81
0.02;96;88;3.27;3.27;30;3;0.31;0.13;1.22;0.00;77;81
0.02;95;87;3.27;3.27;30;3;0.31;0.13;1.22;0.00;77;81
0.01;92;88;3.27;3.27;30;3;0.31;0.13;1.22;0.00;77;81
0.02;86;87;3.27;3.27;30;3;0.31;0.14;1.22;0.00;77;80
0.02;94;87;3.27;3.27;30;3;0.31;0.14;1.22;0.00;77;80
0.02;97;87;3.27;3.27;30;3;0.31;0.14;1.22;0.00;76;80
0.02;97;88;3.27;1.64;30;3;0.31;0.14;1.21;0.00;76;162
0.02;81;84;3.27;3.27;30;3;0.31;0.14;1.21;0.00;76;80
0.01;86;85;3.27;3.27;30;3;0.31;0.14;1.21;0.00;76;81
0.02;87;85;1.64;3.27;30;3;0.31;0.15;1.22;0.00;157;80
0.01;79;85;3.27;3.27;30;3;0.31;0.15;1.22;0.00;76;80
0.01;94;86;3.27;3.27;30;3;0.31;0.15;1.22;0.00;76;80
0.02;87;85;3.27;3.27;30;3;0.31;0.15;1.22;0.00;76;80
0.01;85;85;3.27;3.27;30;3;0.31;0.15;1.22;0.00;76;80
0.01;93;85;3.27;3.27;30;3;0.31;0.15;1.22;0.00;76;79
0.02;94;84;3.27;1.64;30;3;0.31;0.15;1.21;0.00;76;161
0.01;80;84;3.27;1.64;30;3;0.32;0.15;1.20;0.00;75;161
0.01;93;85;3.27;3.27;30;3;0.32;0.16;1.20;0.00;75;80
0.02;93;84;3.27;3.27;30;3;0.32;0.16;1.20;0.00;75;81
0.01;82;83;3.27;1.64;30;3;0.32;0.16;1.19;0.00;75;163
0.02;89;78;1.64;1.64;30;3;0.32;0.16;1.19;0.00;156;163
0.01;83;84;3.27;4.91;30;3;0.32;0.16;1.20;0.00;75;0
0.01;86;84;1.64;3.27;30;3;0.32;0.16;1.21;0.00;157;84
0.02;81;84;1.64;3.27;30;3;0.32;0.16;1.22;0.00;157;83
0.01;84;84;3.27;3.27;30;3;0.32;0.17;1.22;0.00;76;83
0.01;83;84;3.27;1.64;30;3;0.32;0.17;1.21;0.00;77;164
0.02;84;84;3.27;3.27;30;3;0.32;0.17;1.21;0.00;77;82
0.01;82;83;3.27;1.64;30;3;0.32;0.17;1.20;0.00;77;165
0.01;83;79;3.27;3.27;30;3;0.32;0.17;1.20;0.00;77;83
0.01;83;82;3.27;3.27;30;3;0.32;0.17;1.20;0.00;77;84
0.01;82;82;3.27;3.27;30;3;0.32;0.17;1.20;0.00;76;84
0.02;82;82;3.27;3.27;30;3;0.32;0.18;1.20;0.00;76;84
0.01;81;81;3.27;3.27;30;3;0.32;0.18;1.20;0.00;76;83
0.01;81;81;3.27;1.64;30;3;0.32;0.18;1.19;0.00;76;165
0.02;83;80;3.27;3.27;30;3;0.32;0.18;1.19;0.00;75;83
0.01;82;80;3.27;3.27;30;3;0.33;0.18;1.19;0.00;75;84
0.01;87;80;3.27;1.64;30;3;0.33;0.18;1.18;0.00;75;166
0.02;86;81;3.27;3.27;30;3;0.33;0.18;1.18;0.00;75;84
0.01;88;80;3.27;3.27;30;3;0.33;0.19;1.18;0.00;75;85
0.01;86;80;3.27;3.27;30;3;0.33;0.19;1.18;0.00;74;84
0.02;86;79;3.27;1.64;30;3;0.33;0.19;1.18;0.00;74;166
0.01;83;80;3.27;3.27;30;3;0.33;0.19;1.18;0.00;74;84
0.01;83;79;3.27;3.27;30;3;0.33;0.19;1.18;0.00;74;85
0.01;84;80;3.27;3.27;30;3;0.33;0.19;1.18;0.00;74;85
0.01;83;80;1.64;1.64;30;3;0.33;0.19;1.18;0.00;155;167
0.01;76;80;3.27;3.27;30;3;0.33;0.19;1.18;0.00;73;85
0.01;85;80;3.27;3.27;30;3;0.33;0.20;1.18;0.00;74;86
0.01;85;76;3.27;3.27;30;3;0.33;0.20;1.18;0.00;74;85
0.01;85;81;3.27;3.27;30;3;0.33;0.20;1.18;0.00;74;85
0.01;86;79;3.27;3.27;30;3;0.33;0.20;1.18;0.00;74;85
0.01;81;78;3.27;1.64;30;3;0.33;0.20;1.17;0.00;0;150
0.01;79;77;1.64;1.64;30;3;0.33;0.20;1.17;0.00;0;149
0.01;78;77;3.27;3.27;30;3;0.33;0.20;1.17;0.00;0;149
0.01;77;79;1.64;3.27;30;3;0.34;0.20;1.18;0.00;0;149
0.01;78;76;3.27;3.27;30;3;0.34;0.21;1.18;0.00;0;149
0.01;78;76;1.64;3.27;30;3;0.34;0.21;1.18;0.00;0;149
0.01;76;75;1.64;4.91;30;3;0.34;0.21;1.20;0.00;0;148
0.01;76;74;3.27;3.27;30;3;0.34;0.21;1.20;0.00;0;148
0.01;75;75;1.64;3.27;30;3;0.34;0.21;1.21;0.00;0;148
0.01;75;75;1.64;3.27;30;3;0.34;0.21;1.21;0.00;0;148
0.01;74;75;1.64;4.91;30;3;0.34;0.21;1.23;0.00;0;148
0.01;75;74;1.64;3.27;30;3;0.34;0.21;1.24;0.00;0;147
0.01;75;74;1.64;3.27;30;3;0.34;0.22;1.24;0.00;0;147
0.01;74;74;1.64;3.27;30;3;0.34;0.22;1.25;0.00;0;147
0.01;76;74;1.64;3.27;30;3;0.34;0.22;1.26;0.00;0;147
0.01;76;74;1.64;3.27;30;3;0.34;0.22;1.27;0.00;0;147
0.01;77;74;1.64;4.91;30;3;0.34;0.22;1.28;0.00;0;146
0.01;77;74;0.00;3.27;30;3;0.34;0.22;1.30;0.00;0;146
0.01;76;76;1.64;3.27;30;3;0.34;0.22;1.30;0.00;0;146
0.01;76;76;1.64;4.91;30;3;0.34;0.22;1.32;0.00;0;145
0.01;80;90;0.00;4.91;30;3;0.34;0.22;1.34;0.00;0;145
0.01;80;87;1.64;4.91;30;3;0.34;0.23;1.36;0.00;0;144
0.02;80;87;0.00;4.91;30;3;0.34;0.23;1.38;0.00;0;144
0.01;79;97;1.64;4.91;30;3;0.34;0.23;1.40;0.00;0;143
0.01;82;105;1.64;4.91;30;3;0.34;0.23;1.42;0.00;0;143
0.02;77;99;0.00;4.91;30;3;0.34;0.23;1.44;0.00;0;142
0.01;75;92;0.00;4.91;30;3;0.34;0.23;1.47;0.00;0;142
0.01;78;91;0.00;4.91;30;3;0.34;0.23;1.49;0.00;0;141
0.02;92;94;0.00;4.91;30;3;0.34;0.24;1.52;0.00;0;140
0.02;95;93;0.00;6.54;30;3;0.34;0.24;1.55;0.00;0;139
0.02;99;104;0.00;4.91;30;3;0.34;0.24;1.58;0.00;0;139
0.02;102;99;0.00;4.91;30;3;0.34;0.24;1.60;0.00;0;138
0.02;93;96;0.00;6.54;30;3;0.34;0.24;1.64;0.00;0;137
0.02;96;90;0.00;4.91;30;3;0.34;0.24;1.67;0.00;0;137
0.02;96;98;0.00;6.54;30;3;0.34;0.24;1.70;0.00;0;136
0.02;91;98;0.00;4.91;30;3;0.34;0.25;1.73;0.00;0;135
0.02;99;98;0.00;6.54;30;3;0.34;0.25;1.76;0.00;0;134
0.02;103;94;0.00;4.91;30;3;0.34;0.25;1.79;0.00;0;133
0.02;98;96;0.00;4.91;30;3;0.34;0.25;1.82;0.00;0;133
0.02;99;96;0.00;6.54;30;3;0.34;0.25;1.85;0.00;0;132
0.02;94;97;0.00;4.91;30;3;0.34;0.25;1.88;0.00;0;131
0.02;99;97;0.00;6.54;30;3;0.34;0.26;1.91;0.00;0;130
0.02;96;97;0.00;4.91;30;3;0.34;0.26;1.94;0.00;0;130
0.02;96;96;0.00;6.54;30;3;0.34;0.26;1.98;0.00;0;129
0.02;97;96;0.00;4.91;30;3;0.34;0.26;2.00;0.00;0;128
0.02;97;96;0.00;6.54;30;3;0.34;0.26;2.04;0.00;0;127
0.02;97;97;0.00;4.91;30;3;0.34;0.26;2.07;0.00;0;127
0.02;95;44;0.00;4.91;30;3;0.34;0.26;2.09;0.00;0;126
0.01;31;56;0.00;4.91;30;3;0.34;0.26;2.09;0.00;0;126
0.01;94;99;0.00;8.18;30;3;0.34;0.26;2.12;0.00;0;125
0.02;95;101;0.00;4.91;30;3;0.34;0.27;2.14;0.00;0;125
0.02;95;103;0.00;4.91;30;3;0.33;0.27;2.17;0.00;0;124
0.02;94;97;0.00;4.91;30;3;0.33;0.27;2.20;0.00;0;123
0.02;94;103;0.00;4.91;30;3;0.33;0.27;2.22;0.00;0;123
0.02;94;103;0.00;4.91;30;3;0.33;0.27;2.25;0.00;0;122
0.02;93;100;0.00;4.91;30;3;0.33;0.27;2.28;0.00;0;121
0.02;94;104;0.00;4.91;30;3;0.33;0.27;2.31;0.00;0;121
0.02;94;101;0.00;4.91;30;3;0.33;0.27;2.33;0.00;0;120
0.02;92;103;0.00;4.91;30;3;0.33;0.27;2.36;0.00;0;119
0.02;94;101;0.00;4.91;30;3;0.33;0.27;2.39;0.00;0;119
0.02;96;106;0.00;4.91;30;3;0.33;0.28;2.41;0.00;0;118
0.02;98;107;0.00;4.91;30;3;0.33;0.28;2.44;0.00;0;117
0.02;101;81;0.00;4.91;30;3;0.32;0.28;2.47;0.00;0;116
0.02;80;79;0.00;3.27;30;3;0.32;0.28;2.49;0.00;0;116
0.01;81;79;0.00;4.91;30;3;0.32;0.28;2.51;0.00;0;115
0.01;81;77;0.00;4.91;30;3;0.32;0.28;2.53;0.00;0;115
0.01;116;79;0.00;4.91;30;3;0.32;0.28;2.56;0.00;0;114
0.02;101;77;0.00;4.91;30;3;0.32;0.28;2.58;0.00;0;114
0.02;105;76;0.00;4.91;30;3;0.32;0.28;2.61;0.00;0;113
0.02;80;76;0.00;3.27;30;3;0.32;0.28;2.63;0.00;0;113
0.01;78;76;0.00;4.91;30;3;0.32;0.28;2.65;0.00;0;112
0.01;77;77;0.00;4.91;30;3;0.32;0.28;2.67;0.00;0;111
0.01;77;75;0.00;3.27;30;3;0.31;0.28;2.69;0.00;0;111
0.01;76;75;0.00;4.91;30;3;0.31;0.28;2.71;0.00;0;110
0.01;75;76;0.00;4.91;30;3;0.31;0.28;2.73;0.00;0;110
0.01;75;69;0.00;3.27;30;3;0.31;0.28;2.75;0.00;0;110
0.01;75;67;0.00;4.91;30;3;0.31;0.28;2.77;0.00;110;0
0.01;75;67;0.00;3.27;30;3;0.31;0.28;2.78;0.00;239;85
0.01;66;62;0.00;3.27;30;3;0.31;0.29;2.80;0.00;238;85
0.01;72;66;1.64;3.27;30;3;0.31;0.29;2.81;0.00;157;84
0.01;70;66;1.64;3.27;30;3;0.31;0.29;2.81;0.00;159;84
0.01;69;63;1.64;3.27;30;3;0.31;0.29;2.82;0.00;160;84
0.01;67;66;1.64;3.27;30;3;0.31;0.29;2.83;0.00;161;84
0.01;66;62;3.27;3.27;30;3;0.30;0.29;2.83;0.00;80;84
0.01;65;62;1.64;3.27;30;3;0.30;0.29;2.83;0.00;163;83
0.01;65;65;1.64;3.27;30;3;0.30;0.29;2.84;0.00;163;83
0.01;65;61;1.64;3.27;30;3;0.30;0.29;2.85;0.00;164;83
0.01;65;60;3.27;3.27;30;3;0.30;0.29;2.85;0.00;83;83
0.01;64;61;1.64;3.27;30;3;0.30;0.29;2.86;0.00;166;83
0.01;64;61;3.27;3.27;30;3;0.30;0.29;2.86;0.00;83;83
0.01;64;60;1.64;3.27;30;3;0.30;0.29;2.86;0.00;167;82
0.01;63;59;3.27;3.27;30;3;0.29;0.29;2.86;0.00;84;82
0.01;63;60;3.27;3.27;30;3;0.29;0.29;2.86;0.00;85;82
0.01;63;60;1.64;3.27;30;3;0.29;0.29;2.87;0.00;167;82
0.01;63;59;3.27;3.27;30;3;0.29;0.29;2.87;0.00;85;82
0.01;62;59;3.27;1.64;30;3;0.29;0.29;2.86;0.00;86;163
0.01;61;59;3.27;3.27;30;3;0.29;0.29;2.86;0.00;86;81
0.01;62;58;1.64;3.27;30;3;0.29;0.29;2.87;0.00;167;82
0.01;62;59;1.64;3.27;30;3;0.29;0.29;2.88;0.00;167;82
0.01;65;58;3.27;3.27;30;3;0.29;0.29;2.88;0.00;86;82
0.01;62;58;3.27;3.27;30;3;0.28;0.29;2.88;0.00;87;82
0.01;62;58;3.27;1.64;30;3;0.28;0.29;2.87;0.00;87;163
0.01;60;57;3.27;3.27;30;3;0.28;0.29;2.87;0.00;87;81
0.01;63;57;3.27;3.27;30;3;0.28;0.29;2.87;0.00;87;82
0.01;63;58;3.27;1.64;30;3;0.28;0.29;2.87;0.00;86;164
0.01;62;57;3.27;3.27;30;3;0.28;0.29;2.87;0.00;86;82
0.01;63;57;3.27;3.27;30;3;0.28;0.30;2.87;0.00;86;83
0.01;60;56;3.27;3.27;30;3;0.27;0.30;2.87;0.00;86;82
0.01;62;56;3.27;3.27;30;3;0.27;0.30;2.87;0.00;86;82
0.01;62;56;3.27;3.27;30;3;0.27;0.30;2.87;0.00;85;82
0.01;61;56;3.27;3.27;30;3;0.27;0.30;2.87;0.00;85;82
0.01;60;55;3.27;3.27;30;3;0.27;0.30;2.87;0.00;85;82
0.01;60;55;3.27;3.27;30;3;0.27;0.30;2.87;0.00;85;82
0.01;60;55;3.27;1.64;30;3;0.27;0.30;2.86;0.00;85;163
0.01;59;55;3.27;3.27;30;3;0.26;0.30;2.86;0.00;85;81
0.01;59;55;3.27;3.27;30;3;0.26;0.30;2.86;0.00;84;82
0.01;59;55;1.64;3.27;30;3;0.26;0.30;2.87;0.00;166;82
0.01;59;57;3.27;3.27;30;3;0.26;0.30;2.87;0.00;84;82
0.01;58;55;3.27;1.64;30;3;0.26;0.30;2.86;0.00;85;164
0.01;58;54;1.64;3.27;30;3;0.26;0.30;2.87;0.00;167;81
0.01;58;53;1.64;3.27;30;3;0.26;0.30;2.87;0.00;167;82
0.01;57;53;3.27;3.27;30;3;0.26;0.30;2.87;0.00;86;82
0.01;60;54;3.27;1.64;30;3;0.26;0.30;2.87;0.00;87;164
0.01;60;54;3.27;3.27;30;3;0.25;0.30;2.87;0.00;86;82
0.01;61;54;3.27;3.27;30;3;0.25;0.30;2.87;0.00;86;83
0.01;61;53;3.27;3.27;30;3;0.25;0.30;2.87;0.00;86;82
0.01;59;53;3.27;1.64;30;3;0.25;0.30;2.86;0.00;86;164
0.01;59;53;3.27;3.27;30;3;0.25;0.30;2.86;0.00;86;82
0.01;59;54;3.27;3.27;30;3;0.25;0.30;2.86;0.00;85;83
0.01;59;53;3.27;1.64;30;3;0.25;0.30;2.85;0.00;85;165
0.01;59;53;3.27;3.27;30;3;0.24;0.30;2.85;0.00;85;83
0.01;58;52;3.27;1.64;30;3;0.24;0.30;2.84;0.00;85;165
0.01;58;54;1.64;3.27;30;3;0.24;0.30;2.85;0.00;167;83
0.01;58;52;3.27;3.27;30;3;0.24;0.31;2.85;0.00;84;84
0.01;59;53;3.27;1.64;30;3;0.24;0.31;2.84;0.00;85;166
0.01;58;51;3.27;3.27;30;3;0.24;0.31;2.84;0.00;85;84
0.01;58;51;3.27;3.27;30;3;0.24;0.31;2.84;0.00;85;85
0.01;58;51;3.27;1.64;30;3;0.24;0.31;2.84;0.00;85;167
0.01;58;52;3.27;3.27;30;3;0.23;0.31;2.84;0.00;85;85
0.01;59;51;3.27;3.27;30;3;0.23;0.31;2.84;0.00;84;86
0.01;58;51;3.27;1.64;30;3;0.23;0.31;2.83;0.00;84;167
0.01;58;50;3.27;3.27;30;3;0.23;0.31;2.83;0.00;84;85
0.01;57;51;3.27;1.64;30;3;0.23;0.31;2.82;0.00;84;168
0.01;57;51;3.27;1.64;30;3;0.23;0.31;2.81;0.00;84;168
0.01;57;53;1.64;3.27;30;3;0.23;0.31;2.82;0.00;165;87
0.01;57;52;3.27;3.27;30;3;0.23;0.31;2.82;0.00;83;88
0.01;57;50;3.27;3.27;30;3;0.22;0.31;2.82;0.00;84;88
0.01;56;50;3.27;3.27;30;3;0.22;0.31;2.82;0.00;84;88
0.01;56;50;3.27;1.64;30;3;0.22;0.31;2.81;0.00;84;170
0.01;57;51;3.27;3.27;30;3;0.22;0.31;2.81;0.00;84;87
0.01;56;51;3.27;3.27;30;3;0.22;0.31;2.81;0.00;83;88
0.01;56;50;3.27;1.64;30;3;0.22;0.31;2.80;0.00;83;170
0.01;55;50;3.27;1.64;30;3;0.22;0.31;2.80;0.00;83;170
0.01;55;50;3.27;3.27;30;3;0.22;0.31;2.80;0.00;83;89
0.01;55;51;3.27;3.27;30;3;0.21;0.31;2.80;0.00;83;90
0.01;55;51;3.27;3.27;30;3;0.21;0.31;2.80;0.00;82;89
0.01;54;50;3.27;3.27;30;3;0.21;0.31;2.80;0.00;82;89
0.01;54;51;3.27;3.27;30;3;0.21;0.32;2.80;0.00;82;89
0.01;55;51;3.27;3.27;30;3;0.21;0.32;2.80;0.00;82;89
0.01;53;51;3.27;3.27;30;3;0.21;0.32;2.80;0.00;82;89
0.01;53;50;3.27;3.27;30;3;0.21;0.32;2.80;0.00;81;89
0.01;53;51;3.27;3.27;30;3;0.21;0.32;2.80;0.00;81;88
0.01;53;51;3.27;3.27;30;3;0.20;0.32;2.80;0.00;81;88
0.01;53;51;3.27;3.27;30;3;0.20;0.32;2.80;0.00;81;88
0.01;52;50;3.27;3.27;30;3;0.20;0.32;2.80;0.00;81;88
0.01;52;57;3.27;3.27;30;3;0.20;0.32;2.80;0.00;81;88
0.01;52;58;3.27;3.27;30;3;0.20;0.32;2.80;0.00;80;87
0.01;51;53;3.27;3.27;30;3;0.20;0.32;2.80;0.00;80;87
0.01;50;51;1.64;3.27;30;3;0.20;0.32;2.80;0.00;162;87
0.01;50;51;3.27;3.27;30;3;0.19;0.32;2.80;0.00;80;87
0.01;51;52;3.27;3.27;30;3;0.19;0.32;2.80;0.00;81;87
0.01;50;52;3.27;3.27;30;3;0.19;0.32;2.80;0.00;81;86
0.01;50;51;1.64;3.27;30;3;0.19;0.32;2.81;0.00;162;86
0.01;49;51;3.27;3.27;30;3;0.19;0.32;2.81;0.00;80;86
0.01;49;55;4.91;3.27;30;3;0.19;0.32;2.80;0.00;0;86
0.01;50;56;1.64;3.27;30;3;0.19;0.32;2.81;0.00;164;86
0.01;49;47;3.27;3.27;30;3;0.19;0.32;2.81;0.00;81;86
0.01;49;51;3.27;3.27;30;3;0.18;0.32;2.81;0.00;82;85
0.01;49;51;3.27;3.27;30;3;0.18;0.33;2.81;0.00;82;85
0.01;49;51;3.27;3.27;30;3;0.18;0.33;2.81;0.00;81;85
0.01;50;44;3.27;3.27;30;3;0.18;0.33;2.81;0.00;81;85
0.01;49;44;3.27;1.64;30;3;0.18;0.33;2.80;0.00;81;167
0.01;48;44;3.27;3.27;30;3;0.18;0.33;2.80;0.00;81;84
0.01;49;44;3.27;3.27;30;3;0.18;0.33;2.80;0.00;81;85
0.01;49;43;1.64;3.27;30;3;0.17;0.33;2.81;0.00;163;85
0.01;49;43;3.27;3.27;30;3;0.17;0.33;2.81;0.00;80;85
0.01;48;44;3.27;3.27;30;3;0.17;0.33;2.81;0.00;81;85
0.01;48;43;3.27;3.27;30;3;0.17;0.33;2.81;0.00;81;85
0.01;48;43;3.27;1.64;30;3;0.17;0.33;2.80;0.00;81;166
0.01;48;42;3.27;3.27;30;3;0.17;0.33;2.80;0.00;81;84
0.01;48;42;1.64;3.27;30;3;0.17;0.33;2.81;0.00;162;85
0.01;46;43;3.27;3.27;30;3;0.17;0.33;2.81;0.00;80;85
0.01;48;42;3.27;3.27;30;3;0.16;0.33;2.81;0.00;81;85
0.01;91;42;4.91;3.27;30;3;0.16;0.33;2.80;0.00;0;85
0.01;52;41;4.91;3.27;30;3;0.16;0.33;2.80;0.00;0;84
0.01;51;41;4.91;4.91;30;3;0.16;0.33;2.80;0.00;0;1
0.01;50;41;1.64;3.27;30;3;0.16;0.33;2.81;0.00;164;84
0.01;49;41;3.27;3.27;30;3;0.16;0.33;2.81;0.00;81;83
0.01;49;41;3.27;1.64;30;3;0.16;0.33;2.80;0.00;82;164
0.01;47;41;3.27;1.64;30;3;0.16;0.33;2.80;0.00;82;164
0.01;47;41;3.27;3.27;30;3;0.15;0.33;2.80;0.00;81;83
0.01;47;45;1.64;3.27;30;3;0.15;0.34;2.80;0.00;163;84
0.01;47;40;3.27;3.27;30;3;0.15;0.34;2.80;0.00;81;84
0.01;47;41;3.27;3.27;30;3;0.15;0.34;2.80;0.00;82;84
0.01;46;41;3.27;1.64;30;3;0.15;0.34;2.80;0.00;82;166
0.01;48;41;3.27;1.64;30;3;0.15;0.34;2.79;0.00;82;165
0.01;45;39;3.27;4.91;30;3;0.15;0.34;2.80;0.00;81;1
0.01;45;42;3.27;3.27;30;3;0.15;0.34;2.80;0.00;81;85
0.01;44;41;1.64;1.64;30;3;0.14;0.34;2.80;0.00;163;166
0.01;43;41;3.27;3.27;30;3;0.14;0.34;2.80;0.00;81;84
0.01;45;40;3.27;3.27;30;3;0.14;0.34;2.80;0.00;82;85
0.01;44;39;3.27;3.27;30;3;0.14;0.34;2.80;0.00;82;85
0.01;44;39;3.27;3.27;30;3;0.14;0.34;2.80;0.00;82;84
0.01;44;40;3.27;3.27;30;3;0.14;0.34;2.80;0.00;81;84
0.01;43;39;1.64;1.64;30;3;0.14;0.34;2.80;0.00;163;166
0.01;43;39;3.27;3.27;30;3;0.14;0.34;2.80;0.00;81;84
0.01;44;39;3.27;3.27;30;3;0.13;0.34;2.80;0.00;82;85
0.01;43;39;3.27;3.27;30;3;0.13;0.34;2.80;0.00;82;85
0.01;42;39;3.27;3.27;30;3;0.13;0.34;2.80;0.00;82;85
0.01;43;39;3.27;1.64;30;3;0.13;0.34;2.79;0.00;81;166
0.01;42;37;3.27;3.27;30;3;0.13;0.34;2.79;0.00;81;84
0.01;43;38;3.27;3.27;30;3;0.13;0.34;2.79;0.00;81;85
0.01;43;37;3.27;3.27;30;3;0.13;0.35;2.79;0.00;81;85
0.01;42;38;1.64;1.64;30;3;0.13;0.35;2.79;0.00;163;167
0.01;41;38;3.27;3.27;30;3;0.12;0.35;2.79;0.00;80;84
0.01;41;37;3.27;3.27;30;3;0.12;0.35;2.79;0.00;81;85
0.01;41;37;3.27;1.64;30;3;0.12;0.35;2.78;0.00;81;167
0.01;41;36;3.27;3.27;30;3;0.12;0.35;2.78;0.00;81;85
0.01;41;36;3.27;3.27;30;3;0.12;0.35;2.78;0.00;81;86
0.01;41;36;3.27;1.64;30;3;0.12;0.35;2.78;0.00;81;168
0.01;41;36;1.64;3.27;30;3;0.12;0.35;2.78;0.00;162;85
0.01;41;35;3.27;3.27;30;3;0.12;0.35;2.78;0.00;80;86
0.01;41;36;3.27;1.64;30;3;0.11;0.35;2.78;0.00;81;168
0.01;42;36;3.27;3.27;30;3;0.11;0.35;2.78;0.00;81;86
0.01;42;35;3.27;3.27;30;3;0.11;0.35;2.78;0.00;81;87
0.01;43;36;1.64;1.64;30;3;0.11;0.35;2.78;0.00;163;169
0.01;41;35;1.64;3.27;30;3;0.11;0.35;2.78;0.00;162;87
0.01;41;35;4.91;3.27;30;3;0.11;0.35;2.78;0.00;0;87
0.01;40;35;3.27;1.64;30;3;0.11;0.35;2.77;0.00;84;169
0.01;40;35;1.64;1.64;30;3;0.11;0.35;2.77;0.00;164;169
0.01;39;36;3.27;3.27;30;3;0.11;0.35;2.77;0.00;82;88
0.01;40;36;3.27;3.27;30;3;0.10;0.35;2.77;0.00;83;89
0.01;39;35;3.27;3.27;30;3;0.10;0.35;2.77;0.00;83;89
0.01;40;35;3.27;3.27;30;3;0.10;0.35;2.77;0.00;83;89
0.01;39;35;3.27;3.27;30;3;0.10;0.36;2.77;0.00;83;88
0.01;40;34;3.27;3.27;30;3;0.10;0.36;2.77;0.00;82;88
0.01;40;34;3.27;3.27;30;3;0.10;0.36;2.77;0.00;82;88
0.01;41;35;3.27;3.27;30;3;0.10;0.36;2.77;0.00;82;88
0.01;43;34;3.27;3.27;30;3;0.09;0.36;2.77;0.00;82;88
0.01;40;35;3.27;3.27;30;3;0.09;0.36;2.77;0.00;82;87
0.01;39;36;3.27;1.64;30;3;0.09;0.36;2.76;0.00;82;169
0.01;38;34;3.27;3.27;30;3;0.09;0.36;2.76;0.00;81;87
0.01;38;38;3.27;3.27;30;3;0.09;0.36;2.76;0.00;81;88
0.01;38;39;3.27;3.27;30;3;0.09;0.36;2.76;0.00;81;88
0.01;38;33;3.27;3.27;30;3;0.09;0.36;2.76;0.00;81;88
0.01;38;33;3.27;3.27;30;3;0.08;0.36;2.76;0.00;81;87
0.01;38;33;3.27;3.27;30;3;0.08;0.36;2.76;0.00;80;87
0.01;38;33;3.27;3.27;30;3;0.08;0.36;2.76;0.00;80;87
0.01;38;32;3.27;1.64;30;3;0.08;0.36;2.76;0.00;80;169
0.01;38;38;3.27;3.27;30;3;0.08;0.36;2.76;0.00;80;87
0.01;38;38;3.27;3.27;30;3;0.08;0.36;2.76;0.00;80;88
0.01;38;37;3.27;3.27;30;3;0.08;0.36;2.76;0.00;79;87
0.01;36;36;1.64;3.27;30;3;0.08;0.36;2.76;0.00;161;87
0.01;36;31;3.27;3.27;30;3;0.07;0.37;2.76;0.00;79;87
0.01;35;31;3.27;3.27;30;3;0.07;0.37;2.76;0.00;80;87
0.01;35;32;3.27;3.27;30;3;0.07;0.37;2.76;0.00;80;87
0.01;35;31;1.64;3.27;30;3;0.07;0.37;2.77;0.00;162;86
0.01;35;31;1.64;3.27;30;3;0.07;0.37;2.78;0.00;161;86
0.01;34;31;3.27;3.27;30;3;0.07;0.37;2.78;0.00;80;86
0.01;36;31;3.27;3.27;30;3;0.07;0.37;2.78;0.00;81;86
0.01;38;31;3.27;3.27;30;3;0.07;0.37;2.78;0.00;81;86
0.01;37;34;3.27;3.27;30;3;0.06;0.37;2.78;0.00;81;86
0.01;36;32;3.27;3.27;30;3;0.06;0.37;2.78;0.00;81;85
0.01;35;39;3.27;3.27;30;3;0.06;0.37;2.78;0.00;81;85
0.01;35;37;3.27;3.27;30;3;0.06;0.37;2.78;0.00;80;85
0.01;34;31;3.27;3.27;30;3;0.06;0.37;2.78;0.00;80;85
0.01;34;29;3.27;3.27;30;3;0.06;0.37;2.78;0.00;80;85
0.01;33;29;3.27;3.27;30;3;0.06;0.37;2.78;0.00;80;84
0.01;33;30;3.27;3.27;30;3;0.05;0.37;2.78;0.00;80;84
0.01;33;29;3.27;1.64;30;3;0.05;0.37;2.77;0.00;80;166
0.01;33;29;3.27;1.64;30;3;0.05;0.37;2.76;0.00;79;166
0.01;33;30;3.27;4.91;30;3;0.05;0.37;2.77;0.00;79;2
0.01;33;35;1.64;3.27;30;3;0.05;0.37;2.78;0.00;161;86
0.01;33;30;3.27;3.27;30;3;0.05;0.38;2.78;0.00;79;85
0.01;34;28;3.27;3.27;30;3;0.05;0.38;2.78;0.00;80;84
0.01;34;28;3.27;3.27;30;3;0.05;0.38;2.78;0.00;80;84
0.01;34;28;1.64;3.27;30;3;0.04;0.38;2.79;0.00;161;84
0.01;34;27;3.27;3.27;30;3;0.04;0.38;2.79;0.00;79;84
0.01;34;28;3.27;1.64;30;3;0.04;0.38;2.78;0.00;80;165
0.01;33;27;3.27;3.27;30;3;0.04;0.38;2.78;0.00;80;83
0.01;33;28;3.27;3.27;30;3;0.04;0.38;2.78;0.00;80;84
0.01;33;32;3.27;3.27;30;3;0.04;0.38;2.78;0.00;80;84
0.01;32;30;3.27;1.64;30;3;0.04;0.38;2.77;0.00;79;166
0.01;32;28;3.27;3.27;30;3;0.04;0.38;2.77;0.00;79;84
0.01;31;27;3.27;3.27;30;3;0.03;0.38;2.77;0.00;79;85
0.01;32;27;3.27;3.27;30;3;0.03;0.38;2.77;0.00;79;85
0.01;32;27;3.27;3.27;30;3;0.03;0.38;2.77;0.00;79;84
0.01;32;26;3.27;3.27;30;3;0.03;0.38;2.77;0.00;79;84
0.01;32;26;3.27;3.27;30;3;0.03;0.38;2.77;0.00;78;84
0.01;34;31;3.27;3.27;30;3;0.03;0.38;2.77;0.00;78;84
0.01;69;32;3.27;3.27;30;3;0.03;0.38;2.77;0.00;78;84
0.01;35;32;3.27;3.27;30;3;0.03;0.38;2.77;0.00;78;83
0.01;34;25;3.27;3.27;30;3;0.02;0.38;2.77;0.00;78;83
0.01;32;25;1.64;3.27;30;3;0.02;0.39;2.78;0.00;159;83
0.01;32;25;3.27;3.27;30;3;0.02;0.39;2.78;0.00;77;83
0.01;31;26;3.27;3.27;30;3;0.02;0.39;2.78;0.00;78;83
0.01;30;27;3.27;1.64;30;3;0.02;0.39;2.77;0.00;78;164
0.01;30;61;3.27;3.27;30;3;0.02;0.39;2.77;0.00;78;82
0.01;30;30;1.64;1.64;30;3;0.02;0.39;2.77;0.00;160;165
0.01;30;24;3.27;1.64;30;3;0.02;0.39;2.76;0.00;77;165
0.01;31;23;3.27;3.27;30;3;0.01;0.39;2.76;0.00;78;84
0.01;31;22;3.27;3.27;30;3;0.01;0.39;2.76;0.00;78;85
0.01;31;23;3.27;3.27;30;3;0.01;0.39;2.76;0.00;78;85
0.01;31;22;3.27;3.27;30;3;0.01;0.39;2.76;0.00;78;84
0.01;29;23;3.27;3.27;30;3;0.01;0.39;2.76;0.00;77;84
0.01;30;25;3.27;3.27;30;3;0.01;0.39;2.76;0.00;77;84
0.01;29;27;3.27;1.64;30;3;0.01;0.39;2.75;0.00;77;166
0.01;28;56;3.27;3.27;30;3;0.01;0.39;2.75;0.00;77;84
0.01;27;23;3.27;1.64;30;3;0.00;0.39;2.75;0.00;77;167
0.01;28;22;3.27;3.27;30;3;0.00;0.39;2.75;0.00;76;85
0.01;26;22;1.64;3.27;30;3;0.00;0.39;2.75;0.00;158;86
0.01;27;21;1.64;3.27;30;3;0.00;0.39;2.76;0.00;158;85
0.01;26;21;3.27;1.64;30;3;-0.00;0.39;2.75;0.00;77;167
0.01;26;24;3.27;3.27;30;3;-0.00;0.39;2.75;0.00;0;150
0.01;26;24;1.64;3.27;30;3;-0.00;0.40;2.76;0.00;0;148
0.01;26;22;1.64;3.27;30;3;-0.00;0.40;2.77;0.00;0;148
0.01;25;20;3.27;3.27;30;3;-0.01;0.40;2.77;0.00;0;148
0.01;26;20;1.64;1.64;30;3;-0.01;0.40;2.77;0.00;0;148
0.01;26;20;3.27;3.27;30;3;-0.01;0.40;2.77;0.00;0;148
0.01;27;20;1.64;3.27;30;3;-0.01;0.40;2.78;0.00;0;148
0.01;26;20;3.27;3.27;30;3;-0.01;0.40;2.78;0.00;0;148
0.01;26;20;1.64;3.27;30;3;-0.01;0.40;2.78;0.00;0;148
0.01;26;20;1.64;3.27;30;3;-0.01;0.40;2.79;0.00;0;148
0.01;62;20;1.64;3.27;30;3;-0.01;0.40;2.80;0.00;0;148
0.01;64;20;1.64;3.27;30;3;-0.01;0.40;2.81;0.00;0;147
0.01;63;19;1.64;4.91;30;3;-0.02;0.40;2.82;0.00;0;147
0.01;61;18;1.64;3.27;30;3;-0.02;0.40;2.83;0.00;0;147
0.01;65;18;1.64;4.91;30;3;-0.02;0.40;2.84;0.00;0;146
0.01;23;18;1.64;4.91;30;3;-0.02;0.40;2.84;0.00;0;146
0.01;22;18;3.27;6.54;30;3;-0.02;0.40;2.86;0.00;0;146
0.01;22;17;1.64;4.91;30;3;-0.02;0.40;2.87;0.00;0;146
0.01;22;17;1.64;3.27;30;3;-0.02;0.40;2.88;0.00;0;145
0.01;21;16;1.64;4.91;30;3;-0.02;0.40;2.90;0.00;0;145
0.01;20;16;0.00;3.27;30;3;-0.02;0.40;2.91;0.00;0;145
0.01;20;16;0.00;3.27;30;3;-0.03;0.40;2.93;0.00;0;144
0.01;19;16;1.64;4.91;30;3;-0.03;0.40;2.94;0.00;0;144
0.01;19;15;0.00;4.91;30;3;-0.03;0.40;2.97;0.00;0;143
0.01;18;15;1.64;3.27;30;3;-0.03;0.40;2.97;0.00;0;143
0.01;18;15;1.64;3.27;30;3;-0.03;0.40;2.98;0.00;0;143
0.01;17;15;0.00;4.91;30;3;-0.03;0.40;3.00;0.00;0;142
0.01;17;15;0.00;4.91;30;3;-0.03;0.40;3.02;0.00;0;142
0.01;16;15;1.64;4.91;30;3;-0.03;0.40;3.04;0.00;0;141
0.01;16;15;0.00;4.91;30;3;-0.04;0.40;3.06;0.00;0;141
0.01;16;15;1.64;4.91;30;3;-0.04;0.40;3.08;0.00;0;141
0.01;16;14;0.00;4.91;30;3;-0.04;0.40;3.10;0.00;0;140
0.01;15;14;0.00;4.91;30;3;-0.04;0.40;3.12;0.00;0;139
0.01;15;15;0.00;4.91;30;3;-0.04;0.40;3.15;0.00;0;139
0.01;15;15;0.00;4.91;30;3;-0.04;0.40;3.17;0.00;0;138
0.01;14;14;0.00;4.91;30;3;-0.04;0.40;3.19;0.00;0;138
0.01;14;15;1.64;4.91;30;3;-0.04;0.40;3.20;0.00;0;137
0.01;14;15;0.00;4.91;30;3;-0.04;0.40;3.23;0.00;0;137
0.01;13;15;0.00;4.91;30;3;-0.05;0.40;3.25;0.00;0;136
0.01;16;16;0.00;4.91;30;3;-0.05;0.40;3.27;0.00;0;136
0.01;14;16;0.00;4.91;30;3;-0.05;0.40;3.29;0.00;0;135
0.01;13;17;0.00;4.91;30;3;-0.05;0.40;3.32;0.00;0;135
0.01;14;17;0.00;4.91;30;3;-0.05;0.40;3.34;0.00;0;134
0.01;177;19;0.00;8.18;30;3;-0.05;0.40;3.38;0.00;0;133
0.02;112;20;0.00;4.91;30;3;-0.05;0.40;3.40;0.00;0;132
0.01;118;151;0.00;8.18;30;3;-0.06;0.40;3.44;0.00;0;132
0.02;141;70;0.00;6.54;30;3;-0.06;0.40;3.48;0.00;0;130
0.02;121;68;0.00;4.91;30;3;-0.06;0.40;3.51;0.00;0;130
0.02;126;67;0.00;6.54;30;3;-0.06;0.40;3.55;0.00;0;129
0.02;124;66;0.00;4.91;30;3;-0.06;0.40;3.57;0.00;0;128
0.02;121;66;0.00;4.91;30;3;-0.06;0.40;3.60;0.00;0;127
0.02;163;66;0.00;6.54;30;3;-0.06;0.40;3.63;0.00;0;127
0.02;72;64;0.00;4.91;30;3;-0.07;0.40;3.67;0.00;0;126
0.01;70;64;0.00;3.27;30;3;-0.07;0.40;3.68;0.00;0;125
0.01;68;63;0.00;3.27;30;3;-0.07;0.40;3.69;0.00;0;125
0.01;68;63;0.00;4.91;30;3;-0.07;0.40;3.71;0.00;0;125
0.01;68;63;0.00;4.91;30;3;-0.07;0.40;3.73;0.00;0;124
0.01;67;63;0.00;3.27;30;3;-0.07;0.39;3.75;0.00;0;124
0.01;66;63;0.00;4.91;30;3;-0.07;0.39;3.77;0.00;0;123
0.01;66;63;0.00;4.91;30;3;-0.07;0.39;3.79;0.00;0;123
0.01;65;63;0.00;3.27;30;3;-0.07;0.39;3.81;0.00;0;122
0.01;65;63;0.00;4.91;30;3;-0.07;0.39;3.83;0.00;0;122
0.01;64;63;0.00;4.91;30;3;-0.07;0.39;3.85;0.00;0;121
0.01;64;63;0.00;3.27;30;3;-0.07;0.39;3.87;0.00;0;121
0.01;63;63;0.00;4.91;30;3;-0.07;0.39;3.89;0.00;0;120
0.01;64;63;0.00;3.27;30;3;-0.07;0.39;3.90;0.00;0;120
0.01;63;63;0.00;4.91;30;3;-0.08;0.39;3.93;0.00;0;119
0.01;62;63;0.00;3.27;30;3;-0.08;0.39;3.94;0.00;0;119
0.01;62;63;0.00;4.91;30;3;-0.08;0.39;3.96;0.00;0;118
0.01;62;63;0.00;3.27;30;3;-0.08;0.39;3.98;0.00;0;118
0.01;61;63;0.00;3.27;30;3;-0.08;0.39;3.99;0.00;0;118
0.01;61;62;0.00;4.91;30;3;-0.08;0.39;4.02;0.00;0;117
0.01;62;64;0.00;3.27;30;3;-0.08;0.39;4.03;0.00;0;117
0.01;61;64;0.00;4.91;30;3;-0.08;0.38;4.05;0.00;0;116
0.01;61;64;0.00;3.27;30;3;-0.08;0.38;4.07;0.00;0;116
0.01;60;64;0.00;3.27;30;3;-0.08;0.38;4.08;0.00;0;115
0.01;60;64;0.00;4.91;30;3;-0.08;0.38;4.11;0.00;0;115
0.01;60;65;0.00;3.27;30;3;-0.08;0.38;4.12;0.00;0;114
0.01;59;64;0.00;4.91;30;3;-0.08;0.38;4.14;0.00;0;114
0.01;60;65;0.00;3.27;30;3;-0.08;0.38;4.16;0.00;0;114
0.01;60;79;0.00;4.91;30;3;-0.08;0.38;4.18;0.00;0;113
0.01;60;77;0.00;3.27;30;3;-0.08;0.38;4.20;0.00;0;113
0.01;60;78;0.00;3.27;30;3;-0.08;0.38;4.21;0.00;0;112
0.01;61;83;0.00;3.27;30;3;-0.08;0.38;4.23;0.00;0;112
0.01;60;101;0.00;3.27;30;3;-0.08;0.38;4.24;0.00;0;111
0.01;98;105;0.00;3.27;30;3;-0.09;0.38;4.26;0.00;0;111
0.02;101;101;0.00;4.91;30;3;-0.09;0.37;4.28;0.00;0;110
0.02;104;101;0.00;4.91;30;3;-0.09;0.37;4.31;0.00;0;110
0.02;98;106;0.00;3.27;30;3;-0.09;0.37;4.33;0.00;110;0
0.02;103;102;0.00;4.91;30;3;-0.09;0.37;4.36;0.00;243;2
0.02;98;103;0.00;4.91;30;3;-0.09;0.37;4.39;0.00;243;3
0.02;102;104;1.64;3.27;30;3;-0.09;0.37;4.40;0.00;163;84
0.02;106;105;3.27;4.91;30;3;-0.09;0.37;4.41;0.00;83;0
0.02;107;108;1.64;3.27;30;3;-0.09;0.36;4.42;0.00;166;83
0.02;108;106;1.64;4.91;30;3;-0.09;0.36;4.43;0.00;166;0
0.02;115;104;1.64;3.27;30;3;-0.09;0.36;4.44;0.00;168;83
0.02;110;103;3.27;3.27;30;3;-0.09;0.36;4.44;0.00;87;82
0.02;124;120;3.27;4.91;30;3;-0.09;0.36;4.45;0.00;88;0
0.02;107;105;1.64;3.27;30;3;-0.09;0.36;4.46;0.00;169;83
0.02;105;117;3.27;3.27;30;3;-0.09;0.35;4.46;0.00;88;82
0.02;124;105;3.27;3.27;30;3;-0.09;0.35;4.46;0.00;88;81
0.02;85;111;3.27;3.27;30;3;-0.09;0.35;4.46;0.00;88;81
0.02;105;104;3.27;1.64;30;3;-0.09;0.35;4.46;0.00;88;163
0.02;111;104;3.27;3.27;30;3;-0.09;0.35;4.46;0.00;88;81
0.02;118;103;3.27;3.27;30;3;-0.09;0.34;4.46;0.00;87;82
0.02;104;103;3.27;1.64;30;3;-0.09;0.34;4.45;0.00;87;163
0.02;103;109;3.27;4.91;30;3;-0.10;0.34;4.46;0.00;87;0
0.02;107;109;3.27;3.27;30;3;-0.10;0.34;4.46;0.00;87;84
0.02;103;104;3.27;3.27;30;3;-0.10;0.34;4.46;0.00;86;82
0.02;106;101;3.27;3.27;30;3;-0.10;0.34;4.46;0.00;86;82
0.02;120;103;4.91;3.27;30;3;-0.10;0.33;4.45;0.00;3;82
0.02;122;103;1.64;3.27;30;3;-0.10;0.33;4.46;0.00;167;82
0.02;103;100;1.64;3.27;30;3;-0.10;0.33;4.47;0.00;166;81
0.02;118;102;4.91;1.64;30;3;-0.10;0.33;4.45;0.00;3;163
0.02;119;104;3.27;1.64;30;3;-0.10;0.33;4.44;0.00;86;163
0.02;80;98;3.27;3.27;30;3;-0.10;0.33;4.44;0.00;85;83
0.02;120;101;3.27;3.27;30;3;-0.10;0.32;4.44;0.00;85;83
0.02;115;100;3.27;3.27;30;3;-0.10;0.32;4.44;0.00;85;83
0.02;119;100;3.27;3.27;30;3;-0.10;0.32;4.44;0.00;84;83
0.02;119;101;4.91;3.27;30;3;-0.10;0.32;4.43;0.00;1;83
0.02;119;101;3.27;3.27;30;3;-0.10;0.32;4.43;0.00;83;82
0.02;117;105;1.64;3.27;30;3;-0.10;0.31;4.44;0.00;164;82
0.02;118;105;3.27;3.27;30;3;-0.10;0.31;4.44;0.00;82;82
0.02;100;99;3.27;3.27;30;3;-0.10;0.31;4.44;0.00;83;82
0.02;89;104;3.27;3.27;30;3;-0.10;0.31;4.44;0.00;83;81
0.02;115;98;3.27;3.27;30;3;-0.10;0.31;4.44;0.00;83;81
0.02;86;94;1.64;1.64;30;3;-0.10;0.31;4.44;0.00;164;163
0.02;85;97;3.27;3.27;30;3;-0.11;0.30;4.44;0.00;83;81
0.02;122;97;4.91;3.27;30;3;-0.11;0.30;4.43;0.00;1;82
0.02;113;103;3.27;3.27;30;3;-0.11;0.30;4.43;0.00;83;82
0.02;100;102;1.64;1.64;30;3;-0.11;0.30;4.43;0.00;163;163
0.02;89;103;3.27;1.64;30;3;-0.11;0.30;4.42;0.00;82;164
0.02;132;97;3.27;4.91;30;3;-0.11;0.30;4.43;0.00;83;0
0.02;132;98;3.27;3.27;30;3;-0.11;0.29;4.43;0.00;82;85
0.02;106;95;1.64;1.64;30;3;-0.11;0.29;4.43;0.00;164;165
0.02;100;94;3.27;3.27;30;3;-0.11;0.29;4.43;0.00;82;84
0.02;116;95;3.27;4.91;30;3;-0.11;0.29;4.44;0.00;83;2
0.02;116;97;3.27;1.64;30;3;-0.11;0.29;4.43;0.00;83;166
0.02;100;94;3.27;3.27;30;3;-0.11;0.29;4.43;0.00;83;83
0.02;116;95;3.27;3.27;30;3;-0.11;0.28;4.43;0.00;82;84
0.02;111;95;4.91;3.27;30;3;-0.11;0.28;4.42;0.00;0;84
0.02;104;95;3.27;1.64;30;3;-0.11;0.28;4.41;0.00;83;165
0.02;100;91;1.64;3.27;30;3;-0.11;0.28;4.42;0.00;164;84
0.02;86;91;3.27;3.27;30;3;-0.11;0.28;4.42;0.00;82;84
0.02;87;92;3.27;1.64;30;3;-0.11;0.28;4.41;0.00;83;166
0.02;102;91;3.27;3.27;30;3;-0.11;0.27;4.41;0.00;83;84
0.02;115;94;3.27;1.64;30;3;-0.11;0.27;4.40;0.00;82;167
0.02;100;90;1.64;1.64;30;3;-0.11;0.27;4.40;0.00;164;167
0.02;84;91;3.27;3.27;30;3;-0.12;0.27;4.40;0.00;82;86
0.01;130;91;3.27;3.27;30;3;-0.12;0.27;4.40;0.00;83;87
0.02;103;90;3.27;3.27;30;3;-0.12;0.27;4.40;0.00;83;87
0.02;114;92;3.27;3.27;30;3;-0.12;0.27;4.40;0.00;83;87
0.02;99;90;3.27;3.27;30;3;-0.12;0.26;4.40;0.00;82;86
0.02;93;91;3.27;3.27;30;3;-0.12;0.26;4.40;0.00;82;86
0.02;96;90;3.27;1.64;30;3;-0.12;0.26;4.39;0.00;82;168
0.02;90;90;3.27;3.27;30;3;-0.12;0.26;4.39;0.00;82;86
0.01;99;89;3.27;3.27;30;3;-0.12;0.26;4.39;0.00;81;87
0.02;93;89;3.27;3.27;30;3;-0.12;0.26;4.39;0.00;81;87
0.02;96;89;3.27;1.64;30;3;-0.12;0.25;4.38;0.00;81;168
0.02;95;89;3.27;3.27;30;3;-0.12;0.25;4.38;0.00;81;87
0.02;99;88;3.27;3.27;30;3;-0.12;0.25;4.38;0.00;81;87
0.02;95;88;3.27;1.64;30;3;-0.12;0.25;4.37;0.00;80;169
0.02;95;89;3.27;3.27;30;3;-0.12;0.25;4.37;0.00;80;87
0.02;128;89;3.27;4.91;30;3;-0.12;0.25;4.38;0.00;80;5
0.02;104;88;3.27;3.27;30;3;-0.12;0.24;4.38;0.00;80;87
0.02;101;85;3.27;3.27;30;3;-0.12;0.24;4.38;0.00;79;86
0.02;110;87;3.27;3.27;30;3;-0.13;0.24;4.38;0.00;79;86
0.02;108;88;3.27;3.27;30;3;-0.13;0.24;4.38;0.00;79;86
0.02;107;87;3.27;3.27;30;3;-0.13;0.24;4.38;0.00;79;86
0.02;90;86;3.27;3.27;30;3;-0.13;0.24;4.38;0.00;79;85
0.01;100;86;3.27;3.27;30;3;-0.13;0.23;4.38;0.00;78;85
0.02;107;85;4.91;3.27;30;3;-0.13;0.23;4.37;0.00;0;85
0.02;106;86;3.27;3.27;30;3;-0.13;0.23;4.37;0.00;79;85
0.02;85;85;3.27;3.27;30;3;-0.13;0.23;4.37;0.00;78;84
0.01;108;85;3.27;3.27;30;3;-0.13;0.23;4.37;0.00;78;84
0.02;91;85;3.27;3.27;30;3;-0.13;0.23;4.37;0.00;77;84
0.02;115;85;3.27;3.27;30;3;-0.13;0.22;4.37;0.00;77;84
0.02;86;84;3.27;3.27;30;3;-0.13;0.22;4.37;0.00;77;84
0.01;100;85;3.27;3.27;30;3;-0.13;0.22;4.37;0.00;77;83
0.02;101;84;3.27;1.64;30;3;-0.13;0.22;4.37;0.00;77;165
0.02;98;83;3.27;3.27;30;3;-0.13;0.22;4.37;0.00;76;83
0.02;109;84;3.27;3.27;30;3;-0.13;0.22;4.37;0.00;76;84
0.02;94;83;3.27;3.27;30;3;-0.13;0.22;4.37;0.00;76;84
0.01;104;83;3.27;1.64;30;3;-0.14;0.21;4.36;0.00;76;165
0.02;102;84;3.27;3.27;30;3;-0.14;0.21;4.36;0.00;75;84
0.02;105;82;3.27;3.27;30;3;-0.14;0.21;4.36;0.00;75;84
0.02;105;82;3.27;3.27;30;3;-0.14;0.21;4.36;0.00;75;84
0.02;84;82;3.27;3.27;30;3;-0.14;0.21;4.36;0.00;75;84
0.01;105;83;3.27;3.27;30;3;-0.14;0.21;4.36;0.00;75;84
0.02;107;82;3.27;3.27;30;3;-0.14;0.20;4.36;0.00;74;84
0.02;90;82;1.64;3.27;30;3;-0.14;0.20;4.37;0.00;156;83
0.01;80;81;1.64;3.27;30;3;-0.14;0.20;4.37;0.00;156;83
0.02;99;82;4.91;3.27;30;3;-0.14;0.20;4.37;0.00;0;83
0.02;90;81;3.27;3.27;30;3;-0.14;0.20;4.37;0.00;77;83
0.01;82;81;1.64;1.64;30;3;-0.14;0.20;4.37;0.00;158;164
0.01;77;80;3.27;3.27;30;3;-0.14;0.20;4.37;0.00;76;82
0.01;98;80;4.91;3.27;30;3;-0.14;0.19;4.36;0.00;0;83
0.02;88;81;3.27;3.27;30;3;-0.14;0.19;4.36;0.00;78;83
0.01;83;79;1.64;3.27;30;3;-0.14;0.19;4.37;0.00;159;83
0.01;74;80;3.27;3.27;30;3;-0.14;0.19;4.37;0.00;77;83
0.01;102;79;3.27;3.27;30;3;-0.14;0.19;4.37;0.00;77;82
0.02;86;79;3.27;1.64;30;3;-0.14;0.19;4.36;0.00;77;164
0.01;86;78;3.27;1.64;30;3;-0.15;0.19;4.35;0.00;77;164
0.02;75;78;3.27;3.27;30;3;-0.15;0.18;4.35;0.00;77;83
0.01;87;78;3.27;3.27;30;3;-0.15;0.18;4.35;0.00;77;84
0.01;85;79;1.64;3.27;30;3;-0.15;0.18;4.36;0.00;158;84
0.01;77;78;3.27;3.27;30;3;-0.15;0.18;4.36;0.00;76;84
0.01;86;77;3.27;3.27;30;3;-0.15;0.18;4.36;0.00;77;83
0.01;86;77;3.27;3.27;30;3;-0.15;0.18;4.36;0.00;77;83
0.02;84;77;3.27;3.27;30;3;-0.15;0.18;4.36;0.00;77;83
0.01;85;76;3.27;1.64;30;3;-0.15;0.17;4.35;0.00;77;165
0.01;84;75;1.64;3.27;30;3;-0.15;0.17;4.36;0.00;158;83
0.02;84;77;3.27;3.27;30;3;-0.15;0.17;4.36;0.00;76;84
0.01;76;76;3.27;3.27;30;3;-0.15;0.17;4.36;0.00;77;83
0.01;74;76;3.27;3.27;30;3;-0.15;0.17;4.36;0.00;77;83
0.01;76;75;3.27;1.64;30;3;-0.15;0.17;4.35;0.00;77;165
0.01;72;75;3.27;1.64;30;3;-0.15;0.17;4.34;0.00;77;165
0.01;75;75;1.64;3.27;30;3;-0.15;0.17;4.35;0.00;158;84
0.01;75;75;3.27;3.27;30;3;-0.15;0.16;4.35;0.00;76;85
0.01;73;74;3.27;3.27;30;3;-0.15;0.16;4.35;0.00;77;85
0.01;76;74;3.27;3.27;30;3;-0.15;0.16;4.35;0.00;77;84
0.01;74;73;3.27;3.27;30;3;-0.15;0.16;4.35;0.00;77;84
0.01;81;73;3.27;3.27;30;3;-0.16;0.16;4.35;0.00;77;84
0.01;75;73;3.27;3.27;30;3;-0.16;0.16;4.35;0.00;77;84
0.01;80;73;3.27;3.27;30;3;-0.16;0.16;4.35;0.00;76;84
0.01;75;73;3.27;1.64;30;3;-0.16;0.16;4.34;0.00;76;165
0.01;74;72;1.64;3.27;30;3;-0.16;0.15;4.35;0.00;158;83
0.01;80;72;1.64;3.27;30;3;-0.16;0.15;4.36;0.00;158;84
0.01;78;72;3.27;3.27;30;3;-0.16;0.15;4.36;0.00;77;84
0.01;79;71;3.27;3.27;30;3;-0.16;0.15;4.36;0.00;78;84
0.01;79;72;3.27;1.64;30;3;-0.16;0.15;4.35;0.00;78;166
0.01;75;71;3.27;3.27;30;3;-0.16;0.15;4.35;0.00;77;83
0.01;78;71;1.64;3.27;30;3;-0.16;0.15;4.36;0.00;159;84
0.01;72;70;1.64;3.27;30;3;-0.16;0.15;4.37;0.00;159;84
0.01;79;70;3.27;1.64;30;3;-0.16;0.14;4.36;0.00;78;166
0.01;79;70;3.27;3.27;30;3;-0.16;0.14;4.36;0.00;79;84
0.01;81;69;3.27;3.27;30;3;-0.16;0.14;4.36;0.00;79;85
0.01;74;69;3.27;3.27;30;3;-0.16;0.14;4.36;0.00;79;84
0.01;81;69;3.27;1.64;30;3;-0.16;0.14;4.35;0.00;78;166
0.01;83;68;3.27;3.27;30;3;-0.16;0.14;4.35;0.00;78;84
0.01;120;70;3.27;3.27;30;3;-0.16;0.14;4.35;0.00;78;85
0.02;85;69;3.27;3.27;30;3;-0.16;0.13;4.35;0.00;78;85
0.01;110;69;3.27;3.27;30;3;-0.17;0.13;4.35;0.00;78;85
0.02;89;68;3.27;1.64;30;3;-0.17;0.13;4.34;0.00;77;166
0.01;79;68;3.27;3.27;30;3;-0.17;0.13;4.34;0.00;77;84
0.01;79;67;1.64;3.27;30;3;-0.17;0.13;4.35;0.00;159;85
0.01;77;67;3.27;1.64;30;3;-0.17;0.13;4.34;0.00;77;167
0.01;77;67;3.27;3.27;30;3;-0.17;0.13;4.34;0.00;78;85
0.01;79;67;3.27;3.27;30;3;-0.17;0.13;4.34;0.00;77;86
0.01;77;67;3.27;1.64;30;3;-0.17;0.12;4.34;0.00;77;168
0.01;73;67;3.27;3.27;30;3;-0.17;0.12;4.34;0.00;77;86
0.01;76;66;3.27;3.27;30;3;-0.17;0.12;4.34;0.00;77;86
0.01;77;66;3.27;1.64;30;3;-0.17;0.12;4.33;0.00;77;168
0.01;77;66;3.27;3.27;30;3;-0.17;0.12;4.33;0.00;77;86
0.01;77;65;3.27;3.27;30;3;-0.17;0.12;4.33;0.00;76;87
0.01;76;65;3.27;3.27;30;3;-0.17;0.12;4.33;0.00;76;87
0.01;77;65;1.64;1.64;30;3;-0.17;0.12;4.33;0.00;158;169
0.01;63;65;3.27;1.64;30;3;-0.17;0.12;4.32;0.00;76;168
0.01;76;64;3.27;3.27;30;3;-0.17;0.11;4.32;0.00;77;87
0.01;76;64;3.27;3.27;30;3;-0.17;0.11;4.32;0.00;77;88
0.01;76;64;3.27;3.27;30;3;-0.17;0.11;4.32;0.00;76;88
0.01;74;64;3.27;3.27;30;3;-0.17;0.11;4.32;0.00;76;88
0.01;74;63;3.27;3.27;30;3;-0.17;0.11;4.32;0.00;76;88
0.01;75;63;3.27;3.27;30;3;-0.18;0.11;4.32;0.00;76;88
0.01;73;64;3.27;3.27;30;3;-0.18;0.11;4.32;0.00;76;87
0.01;73;63;3.27;3.27;30;3;-0.18;0.10;4.32;0.00;75;87
0.01;74;63;1.64;3.27;30;3;-0.18;0.10;4.33;0.00;157;87
0.01;70;63;3.27;3.27;30;3;-0.18;0.10;4.33;0.00;75;87
0.01;91;62;4.91;3.27;30;3;-0.18;0.10;4.32;0.00;0;87
0.01;89;62;3.27;3.27;30;3;-0.18;0.10;4.32;0.00;77;86
0.01;89;62;3.27;3.27;30;3;-0.18;0.10;4.32;0.00;76;86
0.01;88;62;3.27;3.27;30;3;-0.18;0.10;4.32;0.00;76;86
0.01;70;62;1.64;3.27;30;3;-0.18;0.09;4.33;0.00;157;86
0.01;71;61;3.27;3.27;30;3;-0.18;0.09;4.33;0.00;75;86
0.01;71;61;3.27;3.27;30;3;-0.18;0.09;4.33;0.00;76;85
0.01;88;61;3.27;3.27;30;3;-0.18;0.09;4.33;0.00;76;85
0.01;90;60;3.27;3.27;30;3;-0.18;0.09;4.33;0.00;76;85
0.01;92;61;3.27;3.27;30;3;-0.18;0.09;4.33;0.00;76;85
0.01;97;60;3.27;3.27;30;3;-0.18;0.09;4.33;0.00;76;85
0.01;84;60;3.27;3.27;30;3;-0.18;0.09;4.33;0.00;75;84
0.01;92;60;3.27;3.27;30;3;-0.19;0.08;4.33;0.00;75;84
0.01;87;60;3.27;3.27;30;3;-0.19;0.08;4.33;0.00;75;84
0.01;86;60;1.64;3.27;30;3;-0.19;0.08;4.34;0.00;157;84
0.01;64;60;3.27;1.64;30;3;-0.19;0.08;4.33;0.00;74;166
0.01;82;59;3.27;1.64;30;3;-0.19;0.08;4.32;0.00;75;165
0.01;81;60;3.27;3.27;30;3;-0.19;0.08;4.32;0.00;75;84
0.01;81;59;3.27;3.27;30;3;-0.19;0.08;4.32;0.00;75;85
0.01;81;59;3.27;3.27;30;3;-0.19;0.08;4.32;0.00;75;85
0.01;80;58;3.27;3.27;30;3;-0.19;0.07;4.32;0.00;75;85
0.01;81;58;3.27;3.27;30;3;-0.19;0.07;4.32;0.00;74;85
0.01;80;58;3.27;3.27;30;3;-0.19;0.07;4.32;0.00;74;85
0.01;79;58;3.27;3.27;30;3;-0.19;0.07;4.32;0.00;74;84
0.01;80;58;1.64;3.27;30;3;-0.19;0.07;4.33;0.00;156;84
0.01;79;58;3.27;3.27;30;3;-0.19;0.07;4.33;0.00;74;84
0.01;85;58;3.27;1.64;30;3;-0.19;0.07;4.32;0.00;75;166
0.01;59;57;3.27;1.64;30;3;-0.19;0.07;4.31;0.00;74;166
0.01;60;57;3.27;4.91;30;3;-0.19;0.06;4.32;0.00;74;2
0.01;59;57;1.64;3.27;30;3;-0.19;0.06;4.33;0.00;156;85
0.01;58;57;3.27;1.64;30;3;-0.19;0.06;4.32;0.00;74;166
0.01;57;56;3.27;3.27;30;3;-0.19;0.06;4.32;0.00;75;84
0.01;59;56;3.27;4.91;30;3;-0.20;0.06;4.33;0.00;75;2
0.01;59;56;3.27;3.27;30;3;-0.20;0.06;4.33;0.00;74;85
0.01;58;56;3.27;1.64;30;3;-0.20;0.06;4.32;0.00;74;165
0.01;58;56;3.27;1.64;30;3;-0.20;0.05;4.31;0.00;74;165
0.01;58;56;1.64;3.27;30;3;-0.20;0.05;4.32;0.00;156;84
0.01;58;56;3.27;3.27;30;3;-0.20;0.05;4.32;0.00;74;85
0.01;57;55;3.27;3.27;30;3;-0.20;0.05;4.32;0.00;75;85
0.01;55;55;3.27;3.27;30;3;-0.20;0.05;4.32;0.00;74;85
0.01;55;54;3.27;3.27;30;3;-0.20;0.05;4.32;0.00;74;85
0.01;55;54;3.27;3.27;30;3;-0.20;0.05;4.32;0.00;74;84
0.01;55;55;1.64;3.27;30;3;-0.20;0.05;4.33;0.00;156;84
0.01;55;54;3.27;3.27;30;3;-0.20;0.04;4.33;0.00;74;84
0.01;55;54;3.27;3.27;30;3;-0.20;0.04;4.33;0.00;75;84
0.01;54;53;1.64;3.27;30;3;-0.20;0.04;4.34;0.00;156;84
0.01;54;54;3.27;3.27;30;3;-0.20;0.04;4.34;0.00;74;84
0.01;54;53;3.27;3.27;30;3;-0.20;0.04;4.34;0.00;75;83
0.01;53;53;1.64;1.64;30;3;-0.20;0.04;4.34;0.00;157;165
0.01;53;52;3.27;3.27;30;3;-0.20;0.04;4.34;0.00;75;83
0.01;53;52;3.27;3.27;30;3;-0.20;0.04;4.34;0.00;76;84
0.01;52;51;3.27;3.27;30;3;-0.21;0.03;4.34;0.00;75;84
0.01;53;51;3.27;3.27;30;3;-0.21;0.03;4.34;0.00;75;84
0.01;52;51;3.27;1.64;30;3;-0.21;0.03;4.33;0.00;75;165
0.01;51;51;3.27;3.27;30;3;-0.21;0.03;4.33;0.00;75;83
0.01;51;52;3.27;3.27;30;3;-0.21;0.03;4.33;0.00;75;84
0.01;51;51;1.64;3.27;30;3;-0.21;0.03;4.33;0.00;157;84
0.01;50;51;3.27;3.27;30;3;-0.21;0.03;4.33;0.00;74;84
0.01;51;50;3.27;3.27;30;3;-0.21;0.02;4.33;0.00;75;83
0.01;51;50;3.27;3.27;30;3;-0.21;0.02;4.33;0.00;75;83
0.01;51;50;1.64;1.64;30;3;-0.21;0.02;4.33;0.00;157;165
0.02;51;50;4.91;3.27;30;3;-0.21;0.02;4.33;0.00;0;83
0.01;51;50;1.64;3.27;30;3;-0.21;0.02;4.33;0.00;159;84
0.01;51;49;1.64;1.64;30;3;-0.21;0.02;4.33;0.00;157;166
0.01;51;48;3.27;3.27;30;3;-0.21;0.02;4.33;0.00;76;83
0.01;51;49;3.27;3.27;30;3;-0.21;0.02;4.33;0.00;77;84
0.01;52;48;3.27;3.27;30;3;-0.21;0.01;4.33;0.00;77;84
0.01;51;48;3.27;1.64;30;3;-0.21;0.01;4.33;0.00;77;166
0.01;51;48;3.27;3.27;30;3;-0.21;0.01;4.33;0.00;77;84
0.01;53;48;3.27;3.27;30;3;-0.21;0.01;4.33;0.00;77;85
0.01;59;48;3.27;1.64;30;3;-0.21;0.01;4.32;0.00;76;166
0.01;57;47;3.27;3.27;30;3;-0.22;0.01;4.32;0.00;76;84
0.01;59;47;3.27;3.27;30;3;-0.22;0.01;4.32;0.00;76;85
0.01;58;47;3.27;1.64;30;3;-0.22;0.01;4.31;0.00;76;167
0.01;59;47;3.27;3.27;30;3;-0.22;0.00;4.31;0.00;76;85
0.01;62;47;3.27;3.27;30;3;-0.22;0.00;4.31;0.00;75;86
0.01;119;46;3.27;3.27;30;3;-0.22;0.00;4.31;0.00;75;86
0.01;47;46;3.27;3.27;30;3;-0.22;0.00;4.31;0.00;75;86
0.01;47;46;4.91;4.91;30;3;-0.22;0.00;4.31;0.00;0;2
0.01;46;46;1.64;1.64;30;3;-0.22;-0.00;4.31;0.00;158;167
0.01;45;46;1.64;3.27;30;3;-0.22;-0.00;4.32;0.00;157;84
0.01;46;46;3.27;1.64;30;3;-0.22;-0.00;4.31;0.00;76;167
0.01;46;45;1.64;1.64;30;3;-0.22;-0.00;4.31;0.00;159;167
0.01;45;45;3.27;1.64;30;3;-0.22;-0.00;4.30;0.00;77;168
0.01;44;45;1.64;1.64;30;3;-0.22;-0.01;4.30;0.00;159;169
0.01;44;45;1.64;1.64;30;3;-0.22;-0.01;4.30;0.00;159;170
0.01;44;44;1.64;1.64;30;3;-0.22;-0.01;4.30;0.00;160;171
0.01;44;44;1.64;1.64;30;3;-0.22;-0.01;4.30;0.00;161;172
0.02;44;45;1.64;1.64;30;3;-0.22;-0.01;4.30;0.00;162;173
0.01;44;45;1.64;1.64;30;3;-0.22;-0.01;4.30;0.00;163;174
0.01;44;45;0.00;0.00;30;3;-0.22;-0.01;4.30;0.00;247;255
0.01;45;45;1.64;1.64;30;3;-0.22;-0.01;4.30;0.00;165;174
0.01;44;44;0.00;0.00;30;3;-0.22;-0.01;4.30;0.00;250;255
0.01;44;44;1.64;0.00;30;3;-0.22;-0.01;4.30;0.00;169;255
0.02;43;45;0.00;1.64;30;3;-0.22;-0.01;4.30;0.00;254;175
0.01;43;45;0.00;0.00;30;3;-0.22;-0.01;4.30;0.00;255;255
0.01;43;45;1.64;0.00;30;3;-0.22;-0.01;4.30;0.00;172;255
0.01;44;45;0.00;0.00;30;3;-0.22;-0.01;4.30;0.00;255;255
0.01;44;45;0.00;0.00;30;3;-0.22;-0.01;4.30;0.00;255;255
0.01;44;45;0.00;0.00;30;3;-0.22;-0.01;4.30;0.00;255;255
0.01;44;45;0.00;0.00;30;3;-0.22;-0.01;4.30;0.00;255;255
0.01;43;45;0.00;0.00;30;3;-0.22;-0.01;4.30;0.00;255;255
0.02;43;45;0.00;0.00;30;3;-0.22;-0.01;4.30;0.00;255;255
0.01;44;45;0.00;0.00;30;3;-0.22;-0.01;4.30;0.00;255;255
0.01;43;45;0.00;0.00;30;3;-0.22;-0.01;4.30;0.00;255;255
0.02;43;45;0.00;0.00;30;3;-0.22;-0.01;4.30;0.00;255;255
0.01;43;45;0.00;0.00;30;3;-0.22;-0.01;4.30;0.00;255;255
0.01;43;45;0.00;0.00;30;3;-0.22;-0.01;4.30;0.00;255;255
0.01;43;44;0.00;0.00;30;3;-0.22;-0.01;4.30;0.00;255;255
0.01;43;45;0.00;0.00;30;3;-0.22;-0.01;4.30;0.00;255;255
0.01;43;44;0.00;0.00;30;3;-0.22;-0.01;4.30;0.00;255;255
0.02;43;45;0.00;0.00;30;3;-0.22;-0.01;4.30;0.00;255;255
0.01;43;45;0.00;0.00;30;3;-0.22;-0.01;4.30;0.00;255;255
0.01;43;45;0.00;0.00;30;3;-0.22;-0.01;4.30;0.00;255;255
0.01;44;45;0.00;0.00;30;3;-0.22;-0.01;4.30;0.00;255;255
0.01;43;44;0.00;0.00;30;3;-0.22;-0.01;4.30;0.00;255;255
0.01;43;45;0.00;0.00;30;3;-0.22;-0.01;4.30;0.00;255;255
0.02;43;45;0.00;0.00;30;3;-0.22;-0.01;4.30;0.00;255;255
0.01;44;45;0.00;0.00;30;3;-0.22;-0.01;4.30;0.00;255;255
0.01;43;45;0.00;0.00;30;3;-0.22;-0.01;4.30;0.00;255;255
0.01;44;45;0.00;0.00;30;3;-0.22;-0.01;4.30;0.00;255;255
0.01;44;45;0.00;0.00;30;3;-0.22;-0.01;4.30;0.00;255;255
0.02;44;45;0.00;0.00;30;3;-0.22;-0.01;4.30;0.00;255;255
0.01;43;45;0.00;0.00;30;3;-0.22;-0.01;4.30;0.00;255;255
0.01;44;45;0.00;0.00;30;3;-0.22;-0.01;4.30;0.00;255;255
0.01;43;44;0.00;0.00;30;3;-0.22;-0.01;4.30;0.00;255;255
0.01;44;45;0.00;0.00;30;3;-0.22;-0.01;4.30;0.00;255;255
0.01;43;45;0.00;0.00;30;3;-0.22;-0.01;4.30;0.00;255;255
0.02;43;45;0.00;0.00;30;3;-0.22;-0.01;4.30;0.00;255;255
0.01;44;45;0.00;0.00;30;3;-0.22;-0.01;4.30;0.00;255;255
0.01;44;45;0.00;0.00;30;3;-0.22;-0.01;4.30;0.00;255;255
0.01;44;45;0.00;0.00;30;3;-0.22;-0.01;4.30;0.00;255;255
0.01;44;44;0.00;0.00;30;3;-0.22;-0.01;4.30;0.00;255;255
0.01;44;45;0.00;0.00;30;3;-0.22;-0.01;4.30;0.00;255;255
0.02;44;45;0.00;0.00;30;3;-0.22;-0.01;4.30;0.00;255;255
0.01;44;45;0.00;0.00;30;3;-0.22;-0.01;4.30;0.00;255;255
0.01;44;45;0.00;0.00;30;3;-0.22;-0.01;4.30;0.00;255;255
0.01;44;45;0.00;0.00;30;3;-0.22;-0.01;4.30;0.00;255;255
0.01;44;45;0.00;0.00;30;3;-0.22;-0.01;4.30;0.00;255;255
0.01;44;45;0.00;0.00;30;3;-0.22;-0.01;4.30;0.00;255;255
0.01;44;45;0.00;0.00;30;3;-0.22;-0.01;4.30;0.00;255;255
0.01;44;45;0.00;0.00;30;3;-0.22;-0.01;4.30;0.00;255;255
0.01;43;44;0.00;0.00;30;3;-0.22;-0.01;4.30;0.00;255;255
0.02;44;45;0.00;0.00;30;3;-0.22;-0.01;4.30;0.00;255;255
0.01;44;44;0.00;0.00;30;3;-0.22;-0.01;4.30;0.00;255;255
0.02;44;45;0.00;0.00;30;3;-0.22;-0.01;4.30;0.00;255;255
0.01;43;45;0.00;0.00;30;3;-0.22;-0.01;4.30;0.00;255;255
0.01;44;45;0.00;0.00;30;3;-0.22;-0.01;4.30;0.00;255;255
0.01;44;45;0.00;0.00;30;3;-0.22;-0.01;4.30;0.00;255;255
0.01;43;45;0.00;0.00;30;3;-0.22;-0.01;4.30;0.00;255;255
0.01;44;45;0.00;0.00;30;3;-0.22;-0.01;4.30;0.00;255;255
0.02;44;45;0.00;0.00;30;3;-0.22;-0.01;4.30;0.00;255;255
0.01;44;45;0.00;0.00;30;3;-0.22;-0.01;4.30;0.00;255;255
0.01;44;44;0.00;0.00;30;3;-0.22;-0.01;4.30;0.00;255;255
0.01;44;45;0.00;0.00;30;3;-0.22;-0.01;4.30;0.00;255;255
0.01;44;45;0.00;0.00;30;3;-0.22;-0.01;4.30;0.00;255;255
0.01;44;45;0.00;0.00;30;3;-0.22;-0.01;4.30;0.00;255;255
0.02;44;45;0.00;0.00;30;3;-0.22;-0.01;4.30;0.00;255;255
0.01;44;45;0.00;0.00;30;3;-0.22;-0.01;4.30;0.00;255;255
0.01;44;45;0.00;0.00;30;3;-0.22;-0.01;4.30;0.00;255;255
0.02;44;45;0.00;0.00;30;3;-0.22;-0.01;4.30;0.00;255;255
0.01;43;44;0.00;0.00;30;3;-0.22;-0.01;4.30;0.00;255;255
0.01;43;45;0.00;0.00;30;3;-0.22;-0.01;4.30;0.00;255;255
0.01;43;44;0.00;0.00;30;3;-0.22;-0.01;4.30;0.00;255;255
0.01;44;45;0.00;0.00;30;3;-0.22;-0.01;4.30;0.00;255;255
0.01;43;45;0.00;0.00;30;3;-0.22;-0.01;4.30;0.00;255;255
0.02;43;45;0.00;0.00;30;3;-0.22;-0.01;4.30;0.00;255;255
0.01;44;45;0.00;0.00;30;3;-0.22;-0.01;4.30;0.00;255;255
0.01;43;45;0.00;0.00;30;3;-0.22;-0.01;4.30;0.00;255;255
0.01;44;45;0.00;0.00;30;3;-0.22;-0.01;4.30;0.00;255;255
0.01;44;45;0.00;0.00;30;3;-0.22;-0.01;4.30;0.00;255;255
0.01;44;45;0.00;0.00;30;3;-0.22;-0.01;4.30;0.00;255;255
0.01;44;45;0.00;0.00;30;3;-0.22;-0.01;4.30;0.00;255;255
0.01;43;45;0.00;0.00;30;3;-0.22;-0.01;4.30;0.00;255;255
0.02;44;45;0.00;0.00;30;3;-0.22;-0.01;4.30;0.00;255;255
0.01;44;45;0.00;0.00;30;3;-0.22;-0.01;4.30;0.00;255;255
0.01;44;45;0.00;0.00;30;3;-0.22;-0.01;4.30;0.00;255;255
0.02;44;45;0.00;0.00;30;3;-0.22;-0.01;4.30;0.00;255;255
0.01;43;45;0.00;0.00;30;3;-0.22;-0.01;4.30;0.00;255;255
0.01;44;45;0.00;0.00;30;3;-0.22;-0.01;4.30;0.00;255;255
0.01;44;44;0.00;0.00;30;3;-0.22;-0.01;4.30;0.00;255;255
0.01;44;45;0.00;0.00;30;3;-0.22;-0.01;4.30;0.00;255;255
0.01;44;44;0.00;0.00;30;3;-0.22;-0.01;4.30;0.00;255;255
0.02;44;45;0.00;0.00;30;3;-0.22;-0.01;4.30;0.00;255;255
0.01;44;45;0.00;0.00;30;3;-0.22;-0.01;4.30;0.00;255;255
0.01;44;44;0.00;0.00;30;3;-0.22;-0.01;4.30;0.00;255;255
0.01;44;45;0.00;0.00;30;3;-0.22;-0.01;4.30;0.00;255;255
0.01;43;45;0.00;0.00;30;3;-0.22;-0.01;4.30;0.00;255;255
0.01;43;45;0.00;0.00;30;3;-0.22;-0.01;4.30;0.00;255;255
0.02;43;45;0.00;0.00;30;3;-0.22;-0.01;4.30;0.00;255;255
0.01;43;45;0.00;0.00;30;3;-0.22;-0.01;4.30;0.00;255;255
0.01;43;45;0.00;0.00;30;3;-0.22;-0.01;4.30;0.00;255;255
0.01;44;45;0.00;0.00;30;3;-0.22;-0.01;4.30;0.00;255;255
0.01;44;45;0.00;0.00;30;3;-0.22;-0.01;4.30;0.00;255;255
0.01;44;45;0.00;0.00;30;3;-0.22;-0.01;4.30;0.00;255;255
0.01;44;45;0.00;0.00;30;3;-0.22;-0.01;4.30;0.00;255;255
0.01;43;45;0.00;0.00;30;3;-0.22;-0.01;4.30;0.00;255;255
0.01;43;45;0.00;0.00;30;3;-0.22;-0.01;4.30;0.00;255;255
0.01;44;45;0.00;0.00;30;3;-0.22;-0.01;4.30;0.00;255;255
0.01;44;44;0.00;0.00;30;3;-0.22;-0.01;4.30;0.00;255;255
0.02;44;44;0.00;0.00;30;3;-0.22;-0.01;4.30;0.00;255;255
0.01;44;45;0.00;0.00;30;3;-0.22;-0.01;4.30;0.00;255;255
0.01;44;45;0.00;0.00;30;3;-0.22;-0.01;4.30;0.00;255;255
0.01;43;45;0.00;0.00;30;3;-0.22;-0.01;4.30;0.00;255;255
0.01;43;44;0.00;0.00;30;3;-0.22;-0.01;4.30;0.00;255;255
0.01;43;45;0.00;0.00;30;3;-0.22;-0.01;4.30;0.00;255;255
0.02;43;45;0.00;0.00;30;3;-0.22;-0.01;4.30;0.00;255;255
0.01;43;45;0.00;0.00;30;3;-0.22;-0.01;4.30;0.00;255;255
0.01;43;45;0.00;0.00;30;3;-0.22;-0.01;4.30;0.00;255;255
0.01;43;45;0.00;0.00;30;3;-0.22;-0.01;4.30;0.00;255;255
0.01;43;44;0.00;0.00;30;3;-0.22;-0.01;4.30;0.00;255;255
0.01;44;45;0.00;0.00;30;3;-0.22;-0.01;4.30;0.00;255;255
0.02;43;45;0.00;0.00;30;3;-0.22;-0.01;4.30;0.00;255;255
0.01;44;45;0.00;0.00;30;3;-0.22;-0.01;4.30;0.00;255;255
0.01;44;44;0.00;0.00;30;3;-0.22;-0.01;4.30;0.00;255;255
0.02;44;45;0.00;0.00;30;3;-0.22;-0.01;4.30;0.00;255;255
0.01;44;45;0.00;0.00;30;3;-0.22;-0.01;4.30;0.00;255;255
0.02;44;45;0.00;0.00;30;3;-0.22;-0.01;4.30;0.00;255;255
0.01;44;44;0.00;0.00;30;3;-0.22;-0.01;4.30;0.00;255;255
0.01;44;45;0.00;0.00;30;3;-0.22;-0.01;4.30;0.00;255;255
0.01;44;45;0.00;0.00;30;3;-0.22;-0.01;4.30;0.00;255;255
0.01;44;45;0.00;0.00;30;3;-0.22;-0.01;4.30;0.00;255;255
0.01;44;44;0.00;0.00;30;3;-0.22;-0.01;4.30;0.00;255;255
0.02;44;44;0.00;0.00;30;3;-0.22;-0.01;4.30;0.00;255;255
0.01;44;45;0.00;0.00;30;3;-0.22;-0.01;4.30;0.00;255;255
0.01;44;45;0.00;0.00;30;3;-0.22;-0.01;4.30;0.00;255;255
0.01;44;45;0.00;0.00;30;3;-0.22;-0.01;4.30;0.00;255;255
0.01;44;45;0.00;0.00;30;3;-0.22;-0.01;4.30;0.00;255;255
0.01;44;45;0.00;0.00;30;3;-0.22;-0.01;4.30;0.00;255;255
0.02;44;45;0.00;0.00;30;3;-0.22;-0.01;4.30;0.00;255;255
0.01;44;45;0.00;0.00;30;3;-0.22;-0.01;4.30;0.00;255;255
0.01;44;45;0.00;0.00;30;3;-0.22;-0.01;4.30;0.00;255;255
0.02;44;45;0.00;0.00;30;3;-0.22;-0.01;4.30;0.00;255;255
0.01;44;45;0.00;0.00;30;3;-0.22;-0.01;4.30;0.00;255;255
0.01;44;45;0.00;0.00;30;3;-0.22;-0.01;4.30;0.00;255;255
0.01;43;44;0.00;0.00;30;3;-0.22;-0.01;4.30;0.00;255;255
0.01;44;45;0.00;0.00;30;3;-0.22;-0.01;4.30;0.00;255;255
0.01;44;44;0.00;0.00;30;3;-0.22;-0.01;4.30;0.00;255;255
0.02;44;45;0.00;0.00;30;3;-0.22;-0.01;4.30;0.00;255;255
0.01;44;45;0.00;0.00;30;3;-0.22;-0.01;4.30;0.00;255;255
0.02;44;45;0.00;0.00;30;3;-0.22;-0.01;4.30;0.00;255;255
0.01;44;45;0.00;0.00;30;3;-0.22;-0.01;4.30;0.00;255;255
0.01;43;45;0.00;0.00;30;3;-0.22;-0.01;4.30;0.00;255;255
0.01;44;45;0.00;0.00;30;3;-0.22;-0.01;4.30;0.00;255;255
0.01;43;45;0.00;0.00;30;3;-0.22;-0.01;4.30;0.00;255;255
0.01;43;45;0.00;0.00;30;3;-0.22;-0.01;4.30;0.00;255;255
0.02;44;45;0.00;0.00;30;3;-0.22;-0.01;4.30;0.00;255;255
0.01;44;44;0.00;0.00;30;3;-0.22;-0.01;4.30;0.00;255;255
0.01;44;45;0.00;0.00;30;3;-0.22;-0.01;4.30;0.00;255;255
0.01;44;44;0.00;0.00;30;3;-0.22;-0.01;4.30;0.00;255;255
0.01;44;45;0.00;0.00;30;3;-0.22;-0.01;4.30;0.00;255;255
0.01;44;45;0.00;0.00;30;3;-0.22;-0.01;4.30;0.00;255;255
0.01;43;45;0.00;0.00;30;3;-0.22;-0.01;4.30;0.00;255;255
0.01;43;45;0.00;0.00;30;3;-0.22;-0.01;4.30;0.00;255;255
0.01;44;44;0.00;0.00;30;3;-0.22;-0.01;4.30;0.00;255;255
0.02;44;45;0.00;0.00;30;3;-0.22;-0.01;4.30;0.00;255;255
0.01;44;44;0.00;0.00;30;3;-0.22;-0.01;4.30;0.00;255;255
0.01;44;45;0.00;0.00;30;3;-0.22;-0.01;4.30;0.00;255;255
0.01;44;45;0.00;0.00;30;3;-0.22;-0.01;4.30;0.00;255;255
0.01;44;45;0.00;0.00;30;3;-0.22;-0.01;4.30;0.00;255;255
0.01;44;44;0.00;0.00;30;3;-0.22;-0.01;4.30;0.00;255;255
0.02;44;44;0.00;0.00;30;3;-0.22;-0.01;4.30;0.00;255;255
0.01;44;45;0.00;0.00;30;3;-0.22;-0.01;4.30;0.00;255;255
0.01;44;45;0.00;0.00;30;3;-0.22;-0.01;4.30;0.00;255;255
0.01;44;45;0.00;0.00;30;3;-0.22;-0.01;4.30;0.00;255;255
0.01;44;45;0.00;0.00;30;3;-0.22;-0.01;4.30;0.00;255;255
0.01;44;44;0.00;0.00;30;3;-0.22;-0.01;4.30;0.00;255;255
0.01;44;45;0.00;0.00;30;3;-0.22;-0.01;4.30;0.00;255;255
0.01;44;45;0.00;0.00;30;3;-0.22;-0.01;4.30;0.00;255;255
0.01;43;45;0.00;0.00;30;3;-0.22;-0.01;4.30;0.00;255;255
0.01;43;45;0.00;0.00;30;3;-0.22;-0.01;4.30;0.00;255;255
0.01;43;44;0.00;0.00;30;3;-0.22;-0.01;4.30;0.00;255;255
0.02;44;45;0.00;0.00;30;3;-0.22;-0.01;4.30;0.00;255;255