0.02;50;51;0.00;0.00;20;20;0.50;-0.09;-0.69;0.00;113;117
0.01;51;51;0.00;0.00;20;20;0.50;-0.09;-0.69;0.00;113;117
0.01;50;51;0.00;0.00;20;20;0.50;-0.09;-0.69;0.00;113;117
0.02;50;52;0.00;0.00;20;20;0.50;-0.09;-0.69;0.00;113;117
0.01;51;51;0.00;0.00;20;20;0.50;-0.09;-0.69;0.00;113;117
0.01;50;51;0.00;0.00;20;20;0.50;-0.09;-0.69;0.00;113;117
0.02;50;51;0.00;0.00;20;20;0.50;-0.09;-0.69;0.00;113;117
0.01;50;51;0.00;0.00;20;20;0.50;-0.09;-0.69;0.00;113;117
0.01;50;51;0.00;0.00;20;20;0.50;-0.09;-0.69;0.00;113;117
0.01;50;51;0.00;0.00;20;20;0.50;-0.09;-0.69;0.00;113;117
0.01;50;51;0.00;0.00;20;20;0.50;-0.09;-0.69;0.00;113;117
0.02;50;51;0.00;0.00;20;20;0.50;-0.09;-0.69;0.00;113;117
0.01;50;51;0.00;0.00;20;20;0.50;-0.09;-0.69;0.00;113;117
0.01;51;52;0.00;0.00;20;20;0.50;-0.09;-0.69;0.00;113;117
0.02;51;51;0.00;0.00;20;20;0.50;-0.09;-0.69;0.00;113;117
0.01;50;52;0.00;0.00;20;20;0.50;-0.09;-0.69;0.00;113;117
0.01;50;52;0.00;0.00;20;20;0.50;-0.09;-0.69;0.00;113;117
0.02;50;51;0.00;0.00;20;20;0.50;-0.09;-0.69;0.00;113;117
0.01;50;51;0.00;0.00;20;20;0.50;-0.09;-0.69;0.00;113;117
0.01;51;51;0.00;0.00;20;20;0.50;-0.09;-0.69;0.00;113;117
0.01;51;51;0.00;0.00;20;20;0.50;-0.09;-0.69;0.00;113;117
0.01;51;52;0.00;0.00;20;20;0.50;-0.09;-0.69;0.00;113;117
0.01;50;52;0.00;0.00;20;20;0.50;-0.09;-0.69;0.00;113;117
0.02;51;52;0.00;0.00;20;20;0.50;-0.09;-0.69;0.00;113;117
0.01;51;52;0.00;0.00;20;20;0.50;-0.09;-0.69;0.00;113;117
0.01;51;52;0.00;0.00;20;20;0.50;-0.09;-0.69;0.00;113;117
0.02;50;51;0.00;0.00;20;20;0.50;-0.09;-0.69;0.00;113;117
0.01;50;52;0.00;0.00;20;20;0.50;-0.09;-0.69;0.00;113;117
0.02;50;51;0.00;0.00;20;20;0.50;-0.09;-0.69;0.00;113;117
0.01;50;51;0.00;0.00;20;20;0.50;-0.09;-0.69;0.00;113;117
0.01;50;52;0.00;0.00;20;20;0.50;-0.09;-0.69;0.00;113;117
0.01;50;51;0.00;0.00;20;20;0.50;-0.09;-0.69;0.00;113;117
0.01;50;51;0.00;0.00;20;20;0.50;-0.09;-0.69;0.00;113;117
0.01;50;51;0.00;0.00;20;20;0.50;-0.09;-0.69;0.00;113;117
0.01;50;52;0.00;0.00;20;20;0.50;-0.09;-0.69;0.00;113;117
0.01;50;51;0.00;0.00;20;20;0.50;-0.09;-0.69;0.00;113;117
0.01;51;52;0.00;0.00;20;20;0.50;-0.09;-0.69;0.00;113;117
0.02;50;51;0.00;0.00;20;20;0.50;-0.09;-0.69;0.00;113;117
0.01;51;51;0.00;0.00;20;20;0.50;-0.09;-0.69;0.00;113;117
0.01;50;51;0.00;0.00;20;20;0.50;-0.09;-0.69;0.00;113;117
0.02;51;52;0.00;0.00;20;20;0.50;-0.09;-0.69;0.00;113;117
0.01;51;51;0.00;0.00;20;20;0.50;-0.09;-0.69;0.00;113;117
0.01;51;51;0.00;0.00;20;20;0.50;-0.09;-0.69;0.00;113;117
0.02;50;52;0.00;0.00;20;20;0.50;-0.09;-0.69;0.00;113;117
0.01;50;51;0.00;0.00;20;20;0.50;-0.09;-0.69;0.00;113;117
0.01;51;51;0.00;0.00;20;20;0.50;-0.09;-0.69;0.00;113;117
0.01;50;51;0.00;0.00;20;20;0.50;-0.09;-0.69;0.00;113;117
0.01;50;51;0.00;0.00;20;20;0.50;-0.09;-0.69;0.00;113;117
0.02;51;51;0.00;0.00;20;20;0.50;-0.09;-0.69;0.00;113;117
0.01;51;51;0.00;0.00;20;20;0.50;-0.09;-0.69;0.00;113;117
0.01;51;51;0.00;0.00;20;20;0.50;-0.09;-0.69;0.00;113;117
0.02;50;51;0.00;0.00;20;20;0.50;-0.09;-0.69;0.00;113;117
0.01;50;51;0.00;0.00;20;20;0.50;-0.09;-0.69;0.00;113;117
0.01;51;51;0.00;0.00;20;20;0.50;-0.09;-0.69;0.00;113;117
0.02;51;51;0.00;0.00;20;20;0.50;-0.09;-0.69;0.00;113;117
0.01;50;51;0.00;0.00;20;20;0.50;-0.09;-0.69;0.00;113;117
0.01;50;51;0.00;0.00;20;20;0.50;-0.09;-0.69;0.00;113;117
0.02;51;51;0.00;0.00;20;20;0.50;-0.09;-0.69;0.00;113;117
0.01;50;51;0.00;0.00;20;20;0.50;-0.09;-0.69;0.00;113;117
0.01;50;51;0.00;0.00;20;20;0.50;-0.09;-0.69;0.00;113;117
0.01;51;51;0.00;0.00;20;20;0.50;-0.09;-0.69;0.00;113;117
0.01;50;51;0.00;0.00;20;20;0.50;-0.09;-0.69;0.00;113;117
0.02;50;51;0.00;0.00;20;20;0.50;-0.09;-0.69;0.00;113;117
0.01;50;51;0.00;0.00;20;20;0.50;-0.09;-0.69;0.00;113;117
0.01;51;51;0.00;0.00;20;20;0.50;-0.09;-0.69;0.00;113;117
0.02;50;51;0.00;0.00;20;20;0.50;-0.09;-0.69;0.00;113;117
0.01;50;51;0.00;0.00;20;20;0.50;-0.09;-0.69;0.00;113;117
0.01;51;51;0.00;0.00;20;20;0.50;-0.09;-0.69;0.00;113;117
0.02;50;51;0.00;0.00;20;20;0.50;-0.09;-0.69;0.00;113;117
0.01;51;51;0.00;0.00;20;20;0.50;-0.09;-0.69;0.00;113;117
0.01;51;52;0.00;0.00;20;20;0.50;-0.09;-0.69;0.00;113;117
0.01;50;51;0.00;0.00;20;20;0.50;-0.09;-0.69;0.00;113;117
0.01;51;51;0.00;0.00;20;20;0.50;-0.09;-0.69;0.00;113;117
0.01;51;52;0.00;0.00;20;20;0.50;-0.09;-0.69;0.00;113;117
0.02;50;51;0.00;0.00;20;20;0.50;-0.09;-0.69;0.00;113;117
0.01;51;51;0.00;0.00;20;20;0.50;-0.09;-0.69;0.00;113;117
0.01;51;51;0.00;0.00;20;20;0.50;-0.09;-0.69;0.00;113;117
0.02;50;52;0.00;0.00;20;20;0.50;-0.09;-0.69;0.00;113;117
0.01;51;51;0.00;0.00;20;20;0.50;-0.09;-0.69;0.00;113;117
0.02;50;51;0.00;0.00;20;20;0.50;-0.09;-0.69;0.00;113;117
0.01;50;51;0.00;0.00;20;20;0.50;-0.09;-0.69;0.00;113;117
0.01;50;51;0.00;0.00;20;20;0.50;-0.09;-0.69;0.00;113;117
0.01;50;51;0.00;0.00;20;20;0.50;-0.09;-0.69;0.00;113;117
0.01;51;51;0.00;0.00;20;20;0.50;-0.09;-0.69;0.00;113;117
0.01;50;51;0.00;0.00;20;20;0.50;-0.09;-0.69;0.00;113;117
0.02;51;51;0.00;0.00;20;20;0.50;-0.09;-0.69;0.00;113;117
0.01;50;51;0.00;0.00;20;20;0.50;-0.09;-0.69;0.00;113;117
0.01;51;51;0.00;0.00;20;20;0.50;-0.09;-0.69;0.00;113;117
0.02;50;51;0.00;0.00;20;20;0.50;-0.09;-0.69;0.00;113;117
0.01;50;51;0.00;0.00;20;20;0.50;-0.09;-0.69;0.00;113;117
0.01;50;51;0.00;0.00;20;20;0.50;-0.09;-0.69;0.00;113;117
0.02;50;51;0.00;0.00;20;20;0.50;-0.09;-0.69;0.00;113;117
0.01;51;51;0.00;0.00;20;20;0.50;-0.09;-0.69;0.00;113;117
0.01;51;51;0.00;0.00;20;20;0.50;-0.09;-0.69;0.00;113;117
0.02;50;51;0.00;0.00;20;20;0.50;-0.09;-0.69;0.00;113;117
0.01;51;51;0.00;0.00;20;20;0.50;-0.09;-0.69;0.00;113;117
0.02;50;51;0.00;0.00;20;20;0.50;-0.09;-0.69;0.00;113;117
0.01;51;51;0.00;0.00;20;20;0.50;-0.09;-0.69;0.00;113;117
0.01;50;51;0.00;0.00;20;20;0.50;-0.09;-0.69;0.00;113;117
0.02;50;52;0.00;0.00;20;20;0.50;-0.09;-0.69;0.00;113;117
0.01;51;51;0.00;0.00;20;20;0.50;-0.09;-0.69;0.00;113;117
0.01;51;51;0.00;0.00;20;20;0.50;-0.09;-0.69;0.00;113;117
0.02;51;52;0.00;0.00;20;20;0.50;-0.09;-0.69;0.00;113;117
0.01;51;51;0.00;0.00;20;20;0.50;-0.09;-0.69;0.00;113;117
0.01;51;51;0.00;0.00;20;20;0.50;-0.09;-0.69;0.00;113;117
0.02;51;51;0.00;0.00;20;20;0.50;-0.09;-0.69;0.00;113;117
0.01;50;51;0.00;0.00;20;20;0.50;-0.09;-0.69;0.00;113;117
0.01;50;51;0.00;0.00;20;20;0.50;-0.09;-0.69;0.00;113;117
0.01;50;52;0.00;0.00;20;20;0.50;-0.09;-0.69;0.00;113;117
0.01;50;52;0.00;0.00;20;20;0.50;-0.09;-0.69;0.00;113;117
0.02;51;51;0.00;0.00;20;20;0.50;-0.09;-0.69;0.00;113;117
0.01;50;51;0.00;0.00;20;20;0.50;-0.09;-0.69;0.00;113;117
0.01;51;51;0.00;0.00;20;20;0.50;-0.09;-0.69;0.00;113;117
0.02;50;51;0.00;0.00;20;20;0.50;-0.09;-0.69;0.00;113;117
0.01;51;51;0.00;0.00;20;20;0.50;-0.09;-0.69;0.00;113;117
0.01;51;51;0.00;0.00;20;20;0.50;-0.09;-0.69;0.00;113;117
0.02;51;52;0.00;0.00;20;20;0.50;-0.09;-0.69;0.00;113;117
0.01;51;51;0.00;0.00;20;20;0.50;-0.09;-0.69;0.00;113;117
0.01;50;51;0.00;0.00;20;20;0.50;-0.09;-0.69;0.00;113;117
0.01;50;51;0.00;0.00;20;20;0.50;-0.09;-0.69;0.00;113;117
0.01;50;53;0.00;0.00;20;20;0.50;-0.09;-0.69;0.00;113;117
0.01;51;52;0.00;0.00;20;20;0.50;-0.09;-0.69;0.00;113;117
0.01;50;51;0.00;0.00;20;20;0.50;-0.09;-0.69;0.00;113;117
0.01;51;51;0.00;0.00;20;20;0.50;-0.09;-0.69;0.00;113;117
0.01;51;51;0.00;0.00;20;20;0.50;-0.09;-0.69;0.00;113;117
0.02;50;51;0.00;0.00;20;20;0.50;-0.09;-0.69;0.00;113;117
0.01;50;51;0.00;0.00;20;20;0.50;-0.09;-0.69;0.00;113;117
0.02;51;51;0.00;0.00;20;20;0.50;-0.09;-0.69;0.00;113;117
0.01;50;51;0.00;0.00;20;20;0.50;-0.09;-0.69;0.00;113;117
0.01;50;51;0.00;0.00;20;20;0.50;-0.09;-0.69;0.00;113;117
0.01;50;51;0.00;0.00;20;20;0.50;-0.09;-0.69;0.00;113;117
0.01;51;52;0.00;0.00;20;20;0.50;-0.09;-0.69;0.00;113;117
0.01;51;51;0.00;0.00;20;20;0.50;-0.09;-0.69;0.00;113;117
0.01;51;51;0.00;0.00;20;20;0.50;-0.09;-0.69;0.00;113;117
0.01;51;51;0.00;0.00;20;20;0.50;-0.09;-0.69;0.00;113;117
0.01;51;51;0.00;0.00;20;20;0.50;-0.09;-0.69;0.00;113;117
0.02;51;51;0.00;0.00;20;20;0.50;-0.09;-0.69;0.00;113;117
0.01;50;51;0.00;0.00;20;20;0.50;-0.09;-0.69;0.00;113;117
0.01;50;52;0.00;0.00;20;20;0.50;-0.09;-0.69;0.00;113;117
0.02;51;51;0.00;0.00;20;20;0.50;-0.09;-0.69;0.00;113;117
0.01;50;51;0.00;0.00;20;20;0.50;-0.09;-0.69;0.00;113;117
0.01;51;51;0.00;0.00;20;20;0.50;-0.09;-0.69;0.00;113;117
0.02;51;52;0.00;0.00;20;20;0.50;-0.09;-0.69;0.00;113;117
0.01;50;51;0.00;0.00;20;20;0.50;-0.09;-0.69;0.00;113;117
0.01;50;51;0.00;0.00;20;20;0.50;-0.09;-0.69;0.00;113;117
0.01;51;51;0.00;0.00;20;20;0.50;-0.09;-0.69;0.00;113;117
0.01;51;51;0.00;0.00;20;20;0.50;-0.09;-0.69;0.00;113;117
0.02;51;51;0.00;0.00;20;20;0.50;-0.09;-0.69;0.00;113;117
0.01;51;51;0.00;0.00;20;20;0.50;-0.09;-0.69;0.00;113;117
0.01;51;52;0.00;0.00;20;20;0.50;-0.09;-0.69;0.00;113;117
0.02;50;51;0.00;0.00;20;20;0.50;-0.09;-0.69;0.00;113;117
0.01;51;51;0.00;0.00;20;20;0.50;-0.09;-0.69;0.00;113;117
0.01;51;52;0.00;0.00;20;20;0.50;-0.09;-0.69;0.00;113;117
0.02;51;51;0.00;0.00;20;20;0.50;-0.09;-0.69;0.00;113;117
0.01;51;51;0.00;0.00;20;20;0.50;-0.09;-0.69;0.00;113;117
0.01;50;51;0.00;0.00;20;20;0.50;-0.09;-0.69;0.00;113;117
0.02;50;51;0.00;0.00;20;20;0.50;-0.09;-0.69;0.00;113;117
0.01;50;51;0.00;0.00;20;20;0.50;-0.09;-0.69;0.00;113;117
0.01;50;51;0.00;0.00;20;20;0.50;-0.09;-0.69;0.00;113;117
0.01;50;51;0.00;0.00;20;20;0.50;-0.09;-0.69;0.00;113;117
0.01;51;51;0.00;0.00;20;20;0.50;-0.09;-0.69;0.00;113;117
0.02;50;51;0.00;0.00;20;20;0.50;-0.09;-0.69;0.00;113;117
0.01;50;51;0.00;0.00;20;20;0.50;-0.09;-0.69;0.00;113;117
0.01;51;51;0.00;0.00;20;20;0.50;-0.09;-0.69;0.00;113;117
0.02;50;51;0.00;0.00;20;20;0.50;-0.09;-0.69;0.00;113;117
0.01;50;51;0.00;0.00;20;20;0.50;-0.09;-0.69;0.00;113;117
0.01;51;51;0.00;0.00;20;20;0.50;-0.09;-0.69;0.00;113;117
0.02;51;51;0.00;0.00;20;20;0.50;-0.09;-0.69;0.00;113;117
0.01;50;51;0.00;0.00;20;20;0.50;-0.09;-0.69;0.00;113;117
0.01;51;52;0.00;0.00;20;20;0.50;-0.09;-0.69;0.00;113;117
0.01;50;51;0.00;0.00;20;20;0.50;-0.09;-0.69;0.00;113;117
0.01;50;51;0.00;0.00;20;20;0.50;-0.09;-0.69;0.00;113;117
0.01;50;52;0.00;0.00;20;20;0.50;-0.09;-0.69;0.00;113;117
0.01;51;51;0.00;0.00;20;20;0.50;-0.09;-0.69;0.00;113;117
0.01;50;51;0.00;0.00;20;20;0.50;-0.09;-0.69;0.00;113;117
0.01;51;51;0.00;0.00;20;20;0.50;-0.09;-0.69;0.00;113;117
0.02;50;51;0.00;0.00;20;20;0.50;-0.09;-0.69;0.00;113;117
0.01;50;51;0.00;0.00;20;20;0.50;-0.09;-0.69;0.00;113;117
0.02;50;51;0.00;0.00;20;20;0.50;-0.09;-0.69;0.00;113;117
0.01;51;51;0.00;0.00;20;20;0.50;-0.09;-0.69;0.00;113;117
0.01;50;51;0.00;0.00;20;20;0.50;-0.09;-0.69;0.00;113;117
0.01;51;51;0.00;0.00;20;20;0.50;-0.09;-0.69;0.00;113;117
0.01;50;51;0.00;0.00;20;20;0.50;-0.09;-0.69;0.00;113;117
0.01;51;51;0.00;0.00;20;20;0.50;-0.09;-0.69;0.00;113;117
0.01;51;51;0.00;0.00;20;20;0.50;-0.09;-0.69;0.00;113;117
0.01;51;51;0.00;0.00;20;20;0.50;-0.09;-0.69;0.00;113;117
0.01;51;53;0.00;0.00;20;20;0.50;-0.09;-0.69;0.00;113;117
0.02;51;51;0.00;0.00;20;20;0.50;-0.09;-0.69;0.00;113;117
0.01;51;51;0.00;0.00;20;20;0.50;-0.09;-0.69;0.00;113;117
0.01;51;51;0.00;0.00;20;20;0.50;-0.09;-0.69;0.00;113;117
0.02;51;51;0.00;0.00;20;20;0.50;-0.09;-0.69;0.00;113;117
0.01;50;51;0.00;0.00;20;20;0.50;-0.09;-0.69;0.00;113;117
0.01;50;51;0.00;0.00;20;20;0.50;-0.09;-0.69;0.00;113;117
0.02;51;51;0.00;0.00;20;20;0.50;-0.09;-0.69;0.00;113;117
0.01;51;51;0.00;0.00;20;20;0.50;-0.09;-0.69;0.00;113;117
0.01;50;52;0.00;0.00;20;20;0.50;-0.09;-0.69;0.00;113;117
0.01;51;51;0.00;0.00;20;20;0.50;-0.09;-0.69;0.00;113;117
0.01;51;52;0.00;0.00;20;20;0.50;-0.09;-0.69;0.00;113;117
0.02;51;51;0.00;0.00;20;20;0.50;-0.09;-0.69;0.00;113;117
0.01;51;51;0.00;0.00;20;20;0.50;-0.09;-0.69;0.00;113;117
0.01;50;51;0.00;0.00;20;20;0.50;-0.09;-0.69;0.00;113;117
0.02;51;51;0.00;0.00;20;20;0.50;-0.09;-0.69;0.00;113;117
0.01;50;51;0.00;0.00;20;20;0.50;-0.09;-0.69;0.00;113;117
0.01;50;51;0.00;0.00;20;20;0.50;-0.09;-0.69;0.00;113;117
0.02;50;51;0.00;0.00;20;20;0.50;-0.09;-0.69;0.00;113;117
0.01;51;51;0.00;0.00;20;20;0.50;-0.09;-0.69;0.00;113;117
0.01;50;52;0.00;0.00;20;20;0.50;-0.09;-0.69;0.00;113;117
0.02;51;51;0.00;0.00;20;20;0.50;-0.09;-0.69;0.00;113;117
0.01;51;52;0.00;0.00;20;20;0.50;-0.09;-0.69;0.00;113;117
0.01;50;52;0.00;0.00;20;20;0.50;-0.09;-0.69;0.00;113;117
0.01;51;52;0.00;0.00;20;20;0.50;-0.09;-0.69;0.00;113;117
0.01;51;52;0.00;0.00;20;20;0.50;-0.09;-0.69;0.00;113;117
0.02;51;52;0.00;0.00;20;20;0.50;-0.09;-0.69;0.00;113;117
0.01;50;51;0.00;0.00;20;20;0.50;-0.09;-0.69;0.00;113;117
0.01;50;51;0.00;0.00;20;20;0.50;-0.09;-0.69;0.00;113;117
0.02;50;52;0.00;0.00;20;20;0.50;-0.09;-0.69;0.00;113;117
0.01;50;51;0.00;0.00;20;20;0.50;-0.09;-0.69;0.00;113;117
0.01;50;51;0.00;0.00;20;20;0.50;-0.09;-0.69;0.00;113;117
0.02;50;51;0.00;0.00;20;20;0.50;-0.09;-0.69;0.00;113;117
0.01;50;51;0.00;0.00;20;20;0.50;-0.09;-0.69;0.00;113;117
0.01;50;51;0.00;0.00;20;20;0.50;-0.09;-0.69;0.00;113;117
0.01;50;51;0.00;0.00;20;20;0.50;-0.09;-0.69;0.00;113;117
0.01;50;51;0.00;0.00;20;20;0.50;-0.09;-0.69;0.00;113;117
0.01;50;51;0.00;0.00;20;20;0.50;-0.09;-0.69;0.00;113;117
0.02;50;51;0.00;0.00;20;20;0.50;-0.09;-0.69;0.00;113;117
0.01;50;51;0.00;0.00;20;20;0.50;-0.09;-0.69;0.00;113;117
0.01;50;51;0.00;0.00;20;20;0.50;-0.09;-0.69;0.00;113;117
0.02;51;51;0.00;0.00;20;20;0.50;-0.09;-0.69;0.00;113;117
0.01;50;51;0.00;0.00;20;20;0.50;-0.09;-0.69;0.00;113;117
0.02;50;51;0.00;0.00;20;20;0.50;-0.09;-0.69;0.00;113;117
0.01;50;52;0.00;0.00;20;20;0.50;-0.09;-0.69;0.00;113;117
0.01;50;51;0.00;0.00;20;20;0.50;-0.09;-0.69;0.00;113;117
0.01;50;51;0.00;0.00;20;20;0.50;-0.09;-0.69;0.00;113;117
0.01;50;52;0.00;0.00;20;20;0.50;-0.09;-0.69;0.00;113;117
0.01;50;51;0.00;0.00;20;20;0.50;-0.09;-0.69;0.00;113;117
0.02;50;51;0.00;0.00;20;20;0.50;-0.09;-0.69;30.00;128;158
0.01;50;51;0.00;0.00;20;20;0.50;-0.09;-0.69;30.00;125;155
0.01;50;52;0.00;0.00;20;20;0.50;-0.09;-0.69;31.00;126;156
0.02;50;51;0.00;1.64;20;20;0.50;-0.09;-0.68;30.00;124;154
0.01;50;52;0.00;1.64;20;20;0.51;-0.09;-0.68;31.00;126;156
0.01;51;51;1.64;1.64;20;20;0.51;-0.09;-0.68;31.00;126;156
0.02;50;52;1.64;1.64;20;20;0.51;-0.09;-0.68;31.00;126;156
0.01;50;51;0.00;1.64;20;20;0.51;-0.09;-0.67;30.00;124;154
0.02;49;50;1.64;1.64;20;20;0.51;-0.09;-0.67;29.00;124;152
0.01;50;51;1.64;1.64;20;20;0.51;-0.10;-0.67;30.00;125;155
0.01;49;51;1.64;1.64;20;20;0.51;-0.10;-0.67;30.00;125;155
0.02;49;52;1.64;1.64;20;20;0.51;-0.10;-0.67;30.00;125;155
0.01;49;50;3.27;1.64;20;20;0.51;-0.10;-0.68;29.00;124;152
0.01;49;50;1.64;1.64;20;20;0.51;-0.10;-0.68;29.00;125;153
0.02;49;50;1.64;3.27;20;20;0.51;-0.10;-0.67;29.00;125;153
0.01;49;50;3.27;1.64;20;20;0.51;-0.10;-0.68;29.00;125;153
0.01;49;50;1.64;3.27;20;20;0.51;-0.10;-0.67;29.00;125;153
0.02;49;49;3.27;1.64;20;20;0.51;-0.10;-0.68;29.00;125;153
0.01;48;49;3.27;3.27;20;20;0.52;-0.10;-0.68;28.00;123;151
0.02;49;49;1.64;3.27;20;20;0.52;-0.10;-0.67;29.00;125;153
0.01;48;49;1.64;3.27;20;20;0.52;-0.10;-0.66;28.00;123;151
0.01;48;49;3.27;3.27;20;20;0.52;-0.10;-0.66;28.00;124;152
0.02;48;48;3.27;3.27;20;20;0.52;-0.11;-0.66;28.00;124;152
0.01;47;48;3.27;3.27;20;20;0.52;-0.11;-0.66;27.00;123;149
0.01;47;47;4.91;3.27;20;20;0.52;-0.11;-0.67;27.00;124;150
0.02;47;47;3.27;3.27;20;20;0.52;-0.11;-0.67;27.00;124;150
0.01;46;47;3.27;3.27;20;20;0.53;-0.11;-0.67;26.00;122;148
0.01;46;47;3.27;4.91;20;20;0.53;-0.11;-0.66;26.00;123;149
0.02;46;47;3.27;3.27;20;20;0.53;-0.11;-0.66;26.00;123;149
0.01;46;47;3.27;4.91;20;20;0.53;-0.11;-0.65;26.00;123;149
0.01;48;46;4.91;4.91;20;20;0.53;-0.11;-0.65;27.00;124;150
0.02;46;46;3.27;3.27;20;20;0.53;-0.12;-0.65;26.00;122;148
0.01;46;45;3.27;3.27;20;20;0.53;-0.12;-0.65;25.00;122;146
0.02;45;53;4.91;4.91;20;20;0.54;-0.12;-0.65;29.00;125;153
0.01;46;45;4.91;4.91;20;20;0.54;-0.12;-0.65;25.00;122;146
0.01;44;47;4.91;4.91;20;20;0.54;-0.12;-0.65;25.00;123;147
0.02;45;44;4.91;6.54;20;20;0.54;-0.12;-0.64;24.00;121;145
0.01;43;44;4.91;4.91;20;20;0.55;-0.12;-0.64;23.00;121;143
0.01;43;44;4.91;4.91;20;20;0.55;-0.13;-0.64;23.00;122;144
0.02;42;44;4.91;4.91;20;20;0.55;-0.13;-0.64;23.00;122;144
0.01;42;43;4.91;4.91;20;20;0.55;-0.13;-0.64;22.00;120;142
0.01;41;43;4.91;4.91;20;20;0.55;-0.13;-0.64;22.00;121;143
0.02;41;43;4.91;6.54;20;20;0.56;-0.13;-0.63;22.00;121;143
0.01;40;42;6.54;4.91;20;20;0.56;-0.13;-0.64;21.00;120;140
0.02;40;41;4.91;6.54;20;20;0.56;-0.14;-0.63;20.00;119;139
0.01;39;41;4.91;6.54;20;20;0.56;-0.14;-0.63;20.00;120;140
0.01;39;41;4.91;4.91;20;20;0.56;-0.14;-0.63;20.00;120;140
0.02;39;40;4.91;6.54;20;20;0.57;-0.14;-0.62;19.00;119;137
0.01;38;40;6.54;6.54;20;20;0.57;-0.14;-0.62;19.00;120;138
0.01;38;40;4.91;4.91;20;20;0.57;-0.14;-0.62;19.00;120;138
0.02;38;40;4.91;6.54;20;20;0.57;-0.14;-0.61;19.00;120;138
0.01;38;39;4.91;6.54;20;20;0.58;-0.15;-0.60;18.00;118;136
0.01;38;39;6.54;6.54;20;20;0.58;-0.15;-0.60;18.00;119;137
0.02;36;38;4.91;6.54;20;20;0.58;-0.15;-0.59;17.00;118;134
0.01;36;38;6.54;4.91;20;20;0.58;-0.15;-0.60;17.00;119;135
0.01;36;38;4.91;4.91;20;20;0.58;-0.15;-0.60;17.00;119;135
0.02;36;37;6.54;4.91;20;20;0.59;-0.15;-0.61;16.00;117;133
0.01;34;37;4.91;6.54;20;20;0.59;-0.16;-0.60;15.00;117;131
0.02;34;37;6.54;6.54;20;20;0.59;-0.16;-0.60;15.00;118;132
0.01;34;36;6.54;6.54;20;20;0.60;-0.16;-0.60;15.00;118;132
0.01;33;36;4.91;6.54;20;20;0.60;-0.16;-0.59;14.00;116;130
0.02;33;35;6.54;6.54;20;20;0.60;-0.16;-0.59;14.00;117;131
0.01;33;34;6.54;6.54;20;20;0.60;-0.16;-0.59;13.00;116;128
0.01;33;34;6.54;6.54;20;20;0.61;-0.17;-0.59;13.00;117;129
0.02;33;34;4.91;6.54;20;20;0.61;-0.17;-0.58;13.00;117;129
0.01;32;34;4.91;6.54;20;20;0.61;-0.17;-0.58;13.00;117;129
0.01;32;34;6.54;6.54;20;20;0.61;-0.17;-0.58;13.00;117;129
0.02;33;33;6.54;6.54;20;20;0.62;-0.17;-0.58;13.00;117;129
0.01;33;33;6.54;6.54;20;20;0.62;-0.18;-0.58;13.00;117;129
0.01;31;32;4.91;6.54;20;20;0.62;-0.18;-0.57;11.00;115;125
0.02;30;32;4.91;4.91;20;20;0.62;-0.18;-0.57;11.00;116;126
0.01;30;32;6.54;4.91;20;20;0.63;-0.18;-0.58;11.00;116;126
0.02;30;31;6.54;6.54;20;20;0.63;-0.18;-0.58;10.00;114;124
0.01;41;31;6.54;6.54;20;20;0.63;-0.18;-0.58;16.00;118;134
0.01;35;29;6.54;4.91;20;20;0.63;-0.18;-0.58;12.00;115;127
0.02;33;28;6.54;6.54;20;20;0.64;-0.19;-0.58;10.00;114;124
0.01;32;28;6.54;6.54;20;20;0.64;-0.19;-0.58;10.00;115;125
0.01;29;28;4.91;4.91;20;20;0.64;-0.19;-0.58;8.00;113;121
0.02;28;28;4.91;6.54;20;20;0.64;-0.19;-0.58;8.00;114;122
0.01;27;27;6.54;6.54;20;20;0.65;-0.19;-0.58;7.00;113;119
0.01;27;27;6.54;4.91;20;20;0.65;-0.19;-0.58;7.00;114;120
0.02;26;27;6.54;6.54;20;20;0.65;-0.20;-0.58;6.00;112;118
0.01;26;26;6.54;6.54;20;20;0.65;-0.20;-0.58;6.00;113;119
0.01;25;26;6.54;4.91;20;20;0.66;-0.20;-0.59;5.00;112;116
0.02;24;26;6.54;4.91;20;20;0.66;-0.20;-0.60;5.00;113;117
0.01;23;25;6.54;6.54;20;20;0.66;-0.20;-0.60;4.00;111;115
0.02;23;24;6.54;6.54;20;20;0.66;-0.20;-0.60;3.00;111;113
0.01;22;25;6.54;4.91;20;20;0.67;-0.21;-0.61;3.00;112;114
0.01;22;25;4.91;4.91;20;20;0.67;-0.21;-0.61;3.00;112;114
0.02;22;23;4.91;6.54;20;20;0.67;-0.21;-0.60;2.00;110;112
0.01;21;24;4.91;6.54;20;20;0.67;-0.21;-0.59;2.00;111;113
0.01;20;23;6.54;6.54;20;20;0.68;-0.21;-0.59;1.00;110;110
0.02;20;22;6.54;4.91;20;20;0.68;-0.21;-0.60;1.00;111;111
0.01;19;22;6.54;4.91;20;20;0.68;-0.22;-0.61;0.00;110;110
0.01;19;22;6.54;6.54;20;20;0.68;-0.22;-0.61;0.00;110;110
0.02;19;20;6.54;4.91;20;20;0.68;-0.22;-0.62;-1.00;111;111
0.01;19;20;4.91;4.91;20;20;0.69;-0.22;-0.62;-1.00;111;111
0.01;18;20;4.91;3.27;20;20;0.69;-0.22;-0.62;-1.00;111;111
0.02;20;19;4.91;4.91;20;20;0.69;-0.22;-0.62;-1.00;111;111
0.01;18;19;3.27;3.27;20;20;0.69;-0.22;-0.62;-2.00;111;113
0.02;18;19;3.27;3.27;20;20;0.69;-0.23;-0.62;-2.00;111;113
0.01;17;18;1.64;1.64;20;20;0.69;-0.23;-0.62;-3.00;112;114
0.01;18;19;1.64;1.64;20;20;0.69;-0.23;-0.62;-2.00;110;112
0.02;17;18;1.64;1.64;20;20;0.70;-0.23;-0.62;-3.00;112;114
0.01;17;19;0.00;0.00;20;20;0.70;-0.23;-0.62;-2.00;110;112
0.01;17;18;0.00;0.00;20;20;0.70;-0.23;-0.62;-3.00;112;114
0.02;17;19;0.00;0.00;20;20;0.70;-0.23;-0.62;-2.00;110;112
0.01;17;18;1.64;0.00;20;20;0.70;-0.23;-0.63;-3.00;112;114
0.01;17;19;0.00;0.00;20;20;0.70;-0.23;-0.63;-2.00;110;112
0.02;18;18;1.64;1.64;20;20;0.70;-0.23;-0.63;-2.00;111;113
0.01;19;19;0.00;0.00;20;20;0.70;-0.23;-0.63;-1.00;110;110
0.01;18;18;1.64;1.64;20;20;0.70;-0.23;-0.63;-2.00;111;113
0.02;18;19;1.64;0.00;20;20;0.70;-0.23;-0.64;-2.00;111;113
0.01;17;19;1.64;1.64;20;20;0.70;-0.23;-0.64;-2.00;111;113
0.02;17;19;0.00;1.64;20;20;0.70;-0.23;-0.63;-2.00;111;113
0.01;19;19;1.64;0.00;20;20;0.70;-0.23;-0.64;-1.00;110;110
0.01;19;19;1.64;1.64;20;20;0.70;-0.23;-0.64;-1.00;111;111
0.02;18;19;1.64;1.64;20;20;0.70;-0.23;-0.64;-2.00;111;113
0.01;17;20;1.64;1.64;20;20;0.70;-0.23;-0.64;-2.00;111;113
0.01;20;19;1.64;1.64;20;20;0.70;-0.23;-0.64;-1.00;110;110
0.02;18;20;1.64;3.27;20;20;0.70;-0.23;-0.63;-1.00;111;111
0.01;18;20;3.27;1.64;20;20;0.70;-0.23;-0.64;-1.00;111;111
0.01;20;20;1.64;1.64;20;20;0.70;-0.23;-0.64;0.00;110;110
0.01;19;20;1.64;3.27;20;20;0.70;-0.23;-0.63;-1.00;111;111
0.01;19;20;3.27;1.64;20;20;0.71;-0.23;-0.64;-1.00;111;111
0.01;20;21;1.64;1.64;20;20;0.71;-0.24;-0.64;0.00;110;110
0.02;19;21;3.27;3.27;20;20;0.71;-0.24;-0.64;0.00;110;110
0.01;20;21;1.64;1.64;20;20;0.71;-0.24;-0.64;0.00;110;110
0.01;20;21;1.64;1.64;20;20;0.71;-0.24;-0.64;0.00;110;110
0.01;19;21;1.64;1.64;20;20;0.71;-0.24;-0.64;0.00;110;110
0.01;21;22;1.64;1.64;20;20;0.71;-0.24;-0.64;1.00;111;111
0.02;20;22;0.00;1.64;20;20;0.71;-0.24;-0.63;1.00;111;111
0.01;20;22;1.64;0.00;20;20;0.71;-0.24;-0.64;1.00;111;111
0.01;20;22;0.00;0.00;20;20;0.71;-0.24;-0.64;1.00;111;111
0.02;19;21;0.00;0.00;20;20;0.71;-0.24;-0.64;0.00;110;110
0.01;21;22;1.64;0.00;20;20;0.71;-0.24;-0.65;1.00;111;111
0.01;20;23;0.00;0.00;20;20;0.71;-0.24;-0.65;1.00;111;111
0.02;20;22;0.00;1.64;20;20;0.71;-0.24;-0.64;1.00;111;111
0.01;21;22;0.00;0.00;20;20;0.71;-0.24;-0.64;1.00;111;111
0.01;21;22;1.64;1.64;20;20;0.71;-0.24;-0.64;1.00;111;111
0.02;21;21;0.00;0.00;20;20;0.71;-0.24;-0.64;1.00;111;111
0.01;21;22;1.64;0.00;20;20;0.71;-0.24;-0.65;1.00;111;111
0.02;20;21;1.64;1.64;20;20;0.71;-0.24;-0.65;0.00;110;110
0.01;20;22;0.00;0.00;20;20;0.71;-0.24;-0.65;1.00;111;111
0.01;19;21;0.00;1.64;20;20;0.71;-0.24;-0.64;0.00;110;110
0.02;19;21;1.64;0.00;20;20;0.71;-0.24;-0.65;0.00;110;110
0.01;20;21;0.00;0.00;20;20;0.71;-0.24;-0.65;0.00;110;110
0.01;20;21;1.64;0.00;20;20;0.71;-0.24;-0.65;0.00;110;110
0.02;21;21;0.00;0.00;20;20;0.71;-0.24;-0.65;1.00;111;111
0.01;20;21;0.00;1.64;20;20;0.71;-0.24;-0.65;0.00;110;110
0.01;20;20;1.64;0.00;20;20;0.71;-0.24;-0.65;0.00;110;110
0.02;21;21;0.00;0.00;20;20;0.71;-0.24;-0.65;1.00;111;111
0.01;21;21;0.00;0.00;20;20;0.71;-0.24;-0.65;1.00;111;111
0.01;20;21;0.00;0.00;20;20;0.71;-0.24;-0.65;0.00;110;110
0.01;20;21;1.64;1.64;20;20;0.72;-0.24;-0.65;0.00;110;110
0.01;21;21;0.00;0.00;20;20;0.72;-0.24;-0.65;1.00;111;111
0.01;21;21;0.00;0.00;20;20;0.72;-0.24;-0.65;1.00;111;111
0.02;20;21;0.00;0.00;20;20;0.72;-0.24;-0.65;0.00;110;110
0.01;20;21;0.00;0.00;20;20;0.72;-0.24;-0.65;0.00;110;110
0.02;19;21;0.00;0.00;20;20;0.72;-0.24;-0.65;0.00;110;110
0.01;20;21;0.00;0.00;20;20;0.72;-0.24;-0.65;0.00;110;110
0.01;20;21;0.00;0.00;20;20;0.72;-0.24;-0.65;0.00;110;110
0.02;20;20;0.00;0.00;20;20;0.72;-0.24;-0.65;0.00;110;110
0.01;20;21;0.00;0.00;20;20;0.72;-0.24;-0.65;0.00;110;110
0.01;20;20;0.00;0.00;20;20;0.72;-0.24;-0.65;0.00;110;110
0.01;20;20;0.00;0.00;20;20;0.72;-0.24;-0.65;0.00;110;110
0.01;20;20;0.00;0.00;20;20;0.72;-0.24;-0.65;0.00;110;110
0.01;20;21;0.00;0.00;20;20;0.72;-0.24;-0.65;0.00;110;110
0.02;20;20;0.00;0.00;20;20;0.72;-0.24;-0.65;0.00;110;110
0.01;20;20;0.00;0.00;20;20;0.72;-0.24;-0.65;0.00;110;110
0.01;20;20;0.00;0.00;20;20;0.72;-0.24;-0.65;0.00;110;110
0.02;20;20;0.00;0.00;20;20;0.72;-0.24;-0.65;0.00;110;110
0.01;20;20;0.00;0.00;20;20;0.72;-0.24;-0.65;0.00;110;110
0.01;20;20;0.00;0.00;20;20;0.72;-0.24;-0.65;0.00;110;110
0.02;20;20;0.00;0.00;20;20;0.72;-0.24;-0.65;0.00;110;110
0.01;20;20;0.00;0.00;20;20;0.72;-0.24;-0.65;0.00;110;110
0.01;20;20;0.00;0.00;20;20;0.72;-0.24;-0.65;0.00;110;110
0.01;20;20;0.00;0.00;20;20;0.72;-0.24;-0.65;0.00;110;110
0.01;20;21;0.00;0.00;20;20;0.72;-0.24;-0.65;0.00;110;110
0.02;20;21;0.00;0.00;20;20;0.72;-0.24;-0.65;0.00;110;110
0.01;20;21;0.00;0.00;20;20;0.72;-0.24;-0.65;0.00;110;110
0.01;20;21;0.00;0.00;20;20;0.72;-0.24;-0.65;0.00;110;110
0.02;21;21;0.00;0.00;20;20;0.72;-0.24;-0.65;1.00;111;111
0.01;20;21;0.00;0.00;20;20;0.72;-0.24;-0.65;0.00;110;110
0.01;20;21;0.00;0.00;20;20;0.72;-0.24;-0.65;0.00;110;110
0.02;20;21;0.00;0.00;20;20;0.72;-0.24;-0.65;0.00;110;110
0.01;20;21;0.00;0.00;20;20;0.72;-0.24;-0.65;0.00;110;110
0.01;20;21;0.00;0.00;20;20;0.72;-0.24;-0.65;0.00;110;110
0.02;20;20;0.00;0.00;20;20;0.72;-0.24;-0.65;0.00;110;110
0.01;20;21;0.00;0.00;20;20;0.72;-0.24;-0.65;0.00;110;110
0.01;20;21;0.00;0.00;20;20;0.72;-0.24;-0.65;0.00;110;110
0.02;20;21;0.00;0.00;20;20;0.72;-0.24;-0.65;0.00;110;110
0.01;20;21;0.00;0.00;20;20;0.72;-0.24;-0.65;0.00;110;110
0.02;20;21;0.00;0.00;20;20;0.72;-0.24;-0.65;0.00;110;110
0.01;20;21;0.00;0.00;20;20;0.72;-0.24;-0.65;0.00;110;110
0.01;20;20;0.00;0.00;20;20;0.72;-0.24;-0.65;0.00;110;110
0.02;20;21;0.00;0.00;20;20;0.72;-0.24;-0.65;0.00;110;110
0.01;20;20;0.00;0.00;20;20;0.72;-0.24;-0.65;0.00;110;110
0.01;20;21;0.00;0.00;20;20;0.72;-0.24;-0.65;0.00;110;110
0.02;20;22;0.00;0.00;20;20;0.72;-0.24;-0.65;1.00;111;111
0.01;20;21;0.00;0.00;20;20;0.72;-0.24;-0.65;0.00;110;110
0.01;20;21;0.00;0.00;20;20;0.72;-0.24;-0.65;0.00;110;110
0.02;20;21;0.00;0.00;20;20;0.72;-0.24;-0.65;0.00;110;110
0.01;20;20;0.00;0.00;20;20;0.72;-0.24;-0.65;0.00;110;110
0.01;20;21;0.00;0.00;20;20;0.72;-0.24;-0.65;0.00;110;110
0.01;20;20;0.00;0.00;20;20;0.72;-0.24;-0.65;0.00;110;110
0.01;20;20;0.00;0.00;20;20;0.72;-0.24;-0.65;0.00;110;110
0.01;20;20;0.00;0.00;20;20;0.72;-0.24;-0.65;0.00;110;110
0.02;20;21;0.00;0.00;20;20;0.72;-0.24;-0.65;0.00;110;110
0.01;20;20;0.00;0.00;20;20;0.72;-0.24;-0.65;0.00;110;110
0.02;20;20;0.00;0.00;20;20;0.72;-0.24;-0.65;0.00;110;110
0.01;20;21;0.00;0.00;20;20;0.72;-0.24;-0.65;0.00;110;110
0.01;20;22;0.00;0.00;20;20;0.72;-0.24;-0.65;1.00;111;111
0.02;19;21;0.00;0.00;20;20;0.72;-0.24;-0.65;0.00;110;110
0.01;20;21;0.00;0.00;20;20;0.72;-0.24;-0.65;0.00;110;110
0.01;20;20;0.00;0.00;20;20;0.72;-0.24;-0.65;0.00;110;110
0.01;20;20;0.00;0.00;20;20;0.72;-0.24;-0.65;0.00;110;110
0.01;20;21;0.00;0.00;20;20;0.72;-0.24;-0.65;0.00;110;110
0.01;20;20;0.00;0.00;20;20;0.72;-0.24;-0.65;0.00;110;110
0.02;20;21;0.00;0.00;20;20;0.72;-0.24;-0.65;0.00;110;110
0.01;20;21;0.00;0.00;20;20;0.72;-0.24;-0.65;0.00;110;110
0.01;20;20;0.00;0.00;20;20;0.72;-0.24;-0.65;0.00;110;110
0.02;20;21;0.00;0.00;20;20;0.72;-0.24;-0.65;0.00;110;110
0.01;20;20;0.00;0.00;20;20;0.72;-0.24;-0.65;0.00;110;110
0.01;20;20;0.00;0.00;20;20;0.72;-0.24;-0.65;0.00;110;110
0.02;20;21;0.00;0.00;20;20;0.72;-0.24;-0.65;0.00;110;110
0.01;20;21;0.00;0.00;20;20;0.72;-0.24;-0.65;0.00;110;110
0.01;20;21;0.00;0.00;20;20;0.72;-0.24;-0.65;0.00;110;110
0.01;20;20;0.00;0.00;20;20;0.72;-0.24;-0.65;0.00;110;110
0.01;20;20;0.00;0.00;20;20;0.72;-0.24;-0.65;0.00;110;110
0.02;20;21;0.00;0.00;20;20;0.72;-0.24;-0.65;0.00;110;110
0.01;20;21;0.00;0.00;20;20;0.72;-0.24;-0.65;0.00;110;110
0.01;20;20;0.00;0.00;20;20;0.72;-0.24;-0.65;0.00;110;110
0.02;20;21;0.00;0.00;20;20;0.72;-0.24;-0.65;0.00;110;110
0.01;20;20;0.00;0.00;20;20;0.72;-0.24;-0.65;0.00;110;110
0.01;20;21;0.00;0.00;20;20;0.72;-0.24;-0.65;0.00;110;110
0.02;20;20;0.00;0.00;20;20;0.72;-0.24;-0.65;0.00;110;110
0.01;20;20;0.00;0.00;20;20;0.72;-0.24;-0.65;0.00;110;110
0.01;20;20;0.00;0.00;20;20;0.72;-0.24;-0.65;0.00;110;110
0.02;20;20;0.00;0.00;20;20;0.72;-0.24;-0.65;0.00;110;110
0.01;20;21;0.00;0.00;20;20;0.72;-0.24;-0.65;0.00;110;110
0.02;20;21;0.00;0.00;20;20;0.72;-0.24;-0.65;0.00;110;110
0.01;20;21;0.00;0.00;20;20;0.72;-0.24;-0.65;0.00;110;110
0.01;19;21;0.00;0.00;20;20;0.72;-0.24;-0.65;0.00;110;110
0.02;20;21;0.00;0.00;20;20;0.72;-0.24;-0.65;0.00;110;110
0.01;20;21;0.00;0.00;20;20;0.72;-0.24;-0.65;0.00;110;110
0.01;20;21;0.00;0.00;20;20;0.72;-0.24;-0.65;0.00;110;110
0.02;20;21;0.00;0.00;20;20;0.72;-0.24;-0.65;0.00;110;110
0.01;20;21;0.00;0.00;20;20;0.72;-0.24;-0.65;0.00;110;110
0.01;20;20;0.00;0.00;20;20;0.72;-0.24;-0.65;0.00;110;110
0.02;20;20;0.00;0.00;20;20;0.72;-0.24;-0.65;0.00;110;110
0.01;20;20;0.00;0.00;20;20;0.72;-0.24;-0.65;0.00;110;110
0.01;20;22;0.00;0.00;20;20;0.72;-0.24;-0.65;1.00;111;111
0.01;20;21;0.00;0.00;20;20;0.72;-0.24;-0.65;0.00;110;110
0.01;20;20;0.00;0.00;20;20;0.72;-0.24;-0.65;0.00;110;110
0.01;20;21;0.00;0.00;20;20;0.72;-0.24;-0.65;0.00;110;110
0.01;20;21;0.00;0.00;20;20;0.72;-0.24;-0.65;0.00;110;110
0.01;20;20;0.00;0.00;20;20;0.72;-0.24;-0.65;0.00;110;110
0.02;20;20;0.00;0.00;20;20;0.72;-0.24;-0.65;0.00;110;110
0.01;20;20;0.00;0.00;20;20;0.72;-0.24;-0.65;0.00;110;110
0.01;20;20;0.00;0.00;20;20;0.72;-0.24;-0.65;0.00;110;110
0.02;20;20;0.00;0.00;20;20;0.72;-0.24;-0.65;0.00;110;110
0.01;20;20;0.00;0.00;20;20;0.72;-0.24;-0.65;0.00;110;110
0.01;20;21;0.00;0.00;20;20;0.72;-0.24;-0.65;0.00;110;110
0.01;20;20;0.00;0.00;20;20;0.72;-0.24;-0.65;0.00;110;110
0.01;20;20;0.00;0.00;20;20;0.72;-0.24;-0.65;0.00;110;110
0.01;20;21;0.00;0.00;20;20;0.72;-0.24;-0.65;0.00;110;110
0.01;20;20;0.00;0.00;20;20;0.72;-0.24;-0.65;0.00;110;110
0.01;20;20;0.00;0.00;20;20;0.72;-0.24;-0.65;0.00;110;110
0.01;20;20;0.00;0.00;20;20;0.72;-0.24;-0.65;0.00;110;110
0.02;20;21;0.00;0.00;20;20;0.72;-0.24;-0.65;0.00;110;110
0.01;20;21;0.00;0.00;20;20;0.72;-0.24;-0.65;0.00;110;110
0.01;20;21;0.00;0.00;20;20;0.72;-0.24;-0.65;0.00;110;110
0.02;20;20;0.00;0.00;20;20;0.72;-0.24;-0.65;0.00;110;110
0.01;20;21;0.00;0.00;20;20;0.72;-0.24;-0.65;0.00;110;110
0.01;20;21;0.00;0.00;20;20;0.72;-0.24;-0.65;0.00;110;110
0.01;20;21;0.00;0.00;20;20;0.72;-0.24;-0.65;0.00;110;110
0.01;20;20;0.00;0.00;20;20;0.72;-0.24;-0.65;0.00;110;110
0.01;20;20;0.00;0.00;20;20;0.72;-0.24;-0.65;0.00;110;110
0.01;20;21;0.00;0.00;20;20;0.72;-0.24;-0.65;0.00;110;110
0.01;20;21;0.00;0.00;20;20;0.72;-0.24;-0.65;0.00;110;110
0.02;20;20;0.00;0.00;20;20;0.72;-0.24;-0.65;0.00;110;110
0.01;20;20;0.00;0.00;20;20;0.72;-0.24;-0.65;0.00;110;110
0.01;20;20;0.00;0.00;20;20;0.72;-0.24;-0.65;0.00;110;110
0.02;20;20;0.00;0.00;20;20;0.72;-0.24;-0.65;0.00;110;110
0.01;20;20;0.00;0.00;20;20;0.72;-0.24;-0.65;0.00;110;110
0.01;20;20;0.00;0.00;20;20;0.72;-0.24;-0.65;0.00;110;110
0.02;20;21;0.00;0.00;20;20;0.72;-0.24;-0.65;0.00;110;110
0.01;20;20;0.00;0.00;20;20;0.72;-0.24;-0.65;0.00;110;110
0.01;20;20;0.00;0.00;20;20;0.72;-0.24;-0.65;0.00;110;110
0.02;20;21;0.00;0.00;20;20;0.72;-0.24;-0.65;0.00;110;110
0.01;20;21;0.00;0.00;20;20;0.72;-0.24;-0.65;0.00;110;110
0.02;20;20;0.00;0.00;20;20;0.72;-0.24;-0.65;0.00;110;110
0.01;20;21;0.00;0.00;20;20;0.72;-0.24;-0.65;0.00;110;110
0.01;20;21;0.00;0.00;20;20;0.72;-0.24;-0.65;0.00;110;110
0.02;20;21;0.00;0.00;20;20;0.72;-0.24;-0.65;0.00;110;110
0.01;20;20;0.00;0.00;20;20;0.72;-0.24;-0.65;0.00;110;110
0.01;20;20;0.00;0.00;20;20;0.72;-0.24;-0.65;0.00;110;110
0.02;20;20;0.00;0.00;20;20;0.72;-0.24;-0.65;0.00;110;110
0.01;20;20;0.00;0.00;20;20;0.72;-0.24;-0.65;0.00;110;110
0.01;20;20;0.00;0.00;20;20;0.72;-0.24;-0.65;0.00;110;110
0.02;20;20;0.00;0.00;20;20;0.72;-0.24;-0.65;0.00;110;110
0.01;20;20;0.00;0.00;20;20;0.72;-0.24;-0.65;0.00;110;110
0.01;20;20;0.00;0.00;20;20;0.72;-0.24;-0.65;0.00;110;110
0.01;20;20;0.00;0.00;20;20;0.72;-0.24;-0.65;0.00;110;110
0.01;20;20;0.00;0.00;20;20;0.72;-0.24;-0.65;0.00;110;110
0.01;20;21;0.00;0.00;20;20;0.72;-0.24;-0.65;0.00;110;110
0.02;20;20;0.00;0.00;20;20;0.72;-0.24;-0.65;0.00;110;110
0.01;20;20;0.00;0.00;20;20;0.72;-0.24;-0.65;0.00;110;110
0.02;20;20;0.00;0.00;20;20;0.72;-0.24;-0.65;0.00;110;110
0.01;20;20;0.00;0.00;20;20;0.72;-0.24;-0.65;0.00;110;110
0.01;20;20;0.00;0.00;20;20;0.72;-0.24;-0.65;0.00;110;110
0.02;20;21;0.00;0.00;20;20;0.72;-0.24;-0.65;0.00;110;110
0.01;20;20;0.00;0.00;20;20;0.72;-0.24;-0.65;0.00;110;110
0.01;20;20;0.00;0.00;20;20;0.72;-0.24;-0.65;0.00;110;110
0.01;20;20;0.00;0.00;20;20;0.72;-0.24;-0.65;0.00;110;110
0.01;20;21;0.00;0.00;20;20;0.72;-0.24;-0.65;0.00;110;110
0.01;20;21;0.00;0.00;20;20;0.72;-0.24;-0.65;0.00;110;110
0.01;20;20;0.00;0.00;20;20;0.72;-0.24;-0.65;0.00;110;110
0.01;20;20;0.00;0.00;20;20;0.72;-0.24;-0.65;0.00;110;110
0.01;20;20;0.00;0.00;20;20;0.72;-0.24;-0.65;0.00;110;110
0.02;20;21;0.00;0.00;20;20;0.72;-0.24;-0.65;0.00;110;110
0.01;20;20;0.00;0.00;20;20;0.72;-0.24;-0.65;0.00;110;110
0.01;20;20;0.00;0.00;20;20;0.72;-0.24;-0.65;0.00;110;110
0.02;20;20;0.00;0.00;20;20;0.72;-0.24;-0.65;0.00;110;110
0.01;20;20;0.00;0.00;20;20;0.72;-0.24;-0.65;0.00;110;110
0.01;20;22;0.00;0.00;20;20;0.72;-0.24;-0.65;1.00;111;111
0.01;20;21;0.00;0.00;20;20;0.72;-0.24;-0.65;0.00;110;110
0.01;20;21;0.00;0.00;20;20;0.72;-0.24;-0.65;0.00;110;110
0.01;20;21;0.00;0.00;20;20;0.72;-0.24;-0.65;0.00;110;110
0.01;20;21;0.00;0.00;20;20;0.72;-0.24;-0.65;0.00;110;110
0.01;20;20;0.00;0.00;20;20;0.72;-0.24;-0.65;0.00;110;110
0.02;20;20;0.00;0.00;20;20;0.72;-0.24;-0.65;0.00;110;110
0.01;20;20;0.00;0.00;20;20;0.72;-0.24;-0.65;0.00;110;110
0.01;20;20;0.00;0.00;20;20;0.72;-0.24;-0.65;0.00;110;110
0.02;20;20;0.00;0.00;20;20;0.72;-0.24;-0.65;0.00;110;110
0.01;20;20;0.00;0.00;20;20;0.72;-0.24;-0.65;0.00;110;110
0.01;20;20;0.00;0.00;20;20;0.72;-0.24;-0.65;0.00;110;110
0.02;20;20;0.00;0.00;20;20;0.72;-0.24;-0.65;0.00;110;110
0.01;20;21;0.00;0.00;20;20;0.72;-0.24;-0.65;0.00;110;110
0.01;20;20;0.00;0.00;20;20;0.72;-0.24;-0.65;0.00;110;110
0.02;20;20;0.00;0.00;20;20;0.72;-0.24;-0.65;0.00;110;110
0.01;19;21;0.00;0.00;20;20;0.72;-0.24;-0.65;0.00;110;110
0.02;20;20;0.00;0.00;20;20;0.72;-0.24;-0.65;0.00;110;110
0.01;20;20;0.00;0.00;20;20;0.72;-0.24;-0.65;0.00;110;110
0.01;20;20;0.00;0.00;20;20;0.72;-0.24;-0.65;0.00;110;110
0.02;19;21;0.00;0.00;20;20;0.72;-0.24;-0.65;0.00;110;110
0.01;20;20;0.00;0.00;20;20;0.72;-0.24;-0.65;0.00;110;110
0.01;20;20;0.00;0.00;20;20;0.72;-0.24;-0.65;0.00;110;110
0.02;20;20;0.00;0.00;20;20;0.72;-0.24;-0.65;0.00;110;110
0.01;20;21;0.00;0.00;20;20;0.72;-0.24;-0.65;0.00;110;110
0.01;20;20;0.00;0.00;20;20;0.72;-0.24;-0.65;0.00;110;110
0.02;20;20;0.00;0.00;20;20;0.72;-0.24;-0.65;0.00;110;110
0.01;20;20;0.00;0.00;20;20;0.72;-0.24;-0.65;0.00;110;110
0.01;20;20;0.00;0.00;20;20;0.72;-0.24;-0.65;0.00;110;110
0.01;20;20;0.00;0.00;20;20;0.72;-0.24;-0.65;0.00;110;110
0.01;20;20;0.00;0.00;20;20;0.72;-0.24;-0.65;0.00;110;110
0.02;20;20;0.00;0.00;20;20;0.72;-0.24;-0.65;0.00;110;110
0.01;20;21;0.00;0.00;20;20;0.72;-0.24;-0.65;0.00;110;110
0.01;20;20;0.00;0.00;20;20;0.72;-0.24;-0.65;0.00;110;110
0.02;20;20;0.00;0.00;20;20;0.72;-0.24;-0.65;0.00;110;110
0.01;20;21;0.00;0.00;20;20;0.72;-0.24;-0.65;0.00;110;110
0.01;20;20;0.00;0.00;20;20;0.72;-0.24;-0.65;0.00;110;110
0.02;20;20;0.00;0.00;20;20;0.72;-0.24;-0.65;0.00;110;110
0.01;20;20;0.00;0.00;20;20;0.72;-0.24;-0.65;0.00;110;110
0.01;20;20;0.00;0.00;20;20;0.72;-0.24;-0.65;0.00;110;110
0.01;20;20;0.00;0.00;20;20;0.72;-0.24;-0.65;0.00;110;110
0.01;20;20;0.00;0.00;20;20;0.72;-0.24;-0.65;0.00;110;110
0.01;20;20;0.00;0.00;20;20;0.72;-0.24;-0.65;0.00;110;110
0.02;20;21;0.00;0.00;20;20;0.72;-0.24;-0.65;0.00;110;110
0.01;20;20;0.00;0.00;20;20;0.72;-0.24;-0.65;0.00;110;110
0.01;20;20;0.00;0.00;20;20;0.72;-0.24;-0.65;0.00;110;110
0.02;20;21;0.00;0.00;20;20;0.72;-0.24;-0.65;0.00;110;110
0.01;20;22;0.00;0.00;20;20;0.72;-0.24;-0.65;1.00;111;111
0.02;20;20;0.00;0.00;20;20;0.72;-0.24;-0.65;0.00;110;110
0.01;20;20;0.00;0.00;20;20;0.72;-0.24;-0.65;0.00;110;110
0.01;20;20;0.00;0.00;20;20;0.72;-0.24;-0.65;0.00;110;110
0.01;20;20;0.00;0.00;20;20;0.72;-0.24;-0.65;0.00;110;110
0.01;20;20;0.00;0.00;20;20;0.72;-0.24;-0.65;0.00;110;110
0.01;20;20;0.00;0.00;20;20;0.72;-0.24;-0.65;0.00;110;110
0.02;20;20;0.00;0.00;20;20;0.72;-0.24;-0.65;0.00;110;110
0.01;20;21;0.00;0.00;20;20;0.72;-0.24;-0.65;0.00;110;110
0.01;20;20;0.00;0.00;20;20;0.72;-0.24;-0.65;0.00;110;110
0.02;20;21;0.00;0.00;20;20;0.72;-0.24;-0.65;0.00;110;110
0.01;20;20;0.00;0.00;20;20;0.72;-0.24;-0.65;0.00;110;110
0.01;20;20;0.00;0.00;20;20;0.72;-0.24;-0.65;0.00;110;110
0.02;20;20;0.00;0.00;20;20;0.72;-0.24;-0.65;0.00;110;110
0.01;20;20;0.00;0.00;20;20;0.72;-0.24;-0.65;0.00;110;110
0.01;20;20;0.00;0.00;20;20;0.72;-0.24;-0.65;0.00;110;110
0.02;20;21;0.00;0.00;20;20;0.72;-0.24;-0.65;0.00;110;110
0.01;20;21;0.00;0.00;20;20;0.72;-0.24;-0.65;0.00;110;110
0.02;20;21;0.00;0.00;20;20;0.72;-0.24;-0.65;0.00;110;110
0.01;20;20;0.00;0.00;20;20;0.72;-0.24;-0.65;0.00;110;110
0.01;20;21;0.00;0.00;20;20;0.72;-0.24;-0.65;0.00;110;110
0.02;20;21;0.00;0.00;20;20;0.72;-0.24;-0.65;0.00;110;110
0.01;20;21;0.00;0.00;20;20;0.72;-0.24;-0.65;0.00;110;110
0.01;20;20;0.00;0.00;20;20;0.72;-0.24;-0.65;0.00;110;110
0.02;20;20;0.00;0.00;20;20;0.72;-0.24;-0.65;0.00;110;110
0.01;20;20;0.00;0.00;20;20;0.72;-0.24;-0.65;0.00;110;110
0.01;20;20;0.00;0.00;20;20;0.72;-0.24;-0.65;0.00;110;110
0.02;20;21;0.00;0.00;20;20;0.72;-0.24;-0.65;0.00;110;110
0.01;20;20;0.00;0.00;20;20;0.72;-0.24;-0.65;0.00;110;110
0.01;20;21;0.00;0.00;20;20;0.72;-0.24;-0.65;0.00;110;110
0.01;20;21;0.00;0.00;20;20;0.72;-0.24;-0.65;0.00;110;110
0.01;20;20;0.00;0.00;20;20;0.72;-0.24;-0.65;0.00;110;110
0.01;20;21;0.00;0.00;20;20;0.72;-0.24;-0.65;0.00;110;110
0.01;20;20;0.00;0.00;20;20;0.72;-0.24;-0.65;0.00;110;110
0.01;20;20;0.00;0.00;20;20;0.72;-0.24;-0.65;0.00;110;110
0.02;19;21;0.00;0.00;20;20;0.72;-0.24;-0.65;0.00;110;110
0.01;20;20;0.00;0.00;20;20;0.72;-0.24;-0.65;0.00;110;110
0.01;20;20;0.00;0.00;20;20;0.72;-0.24;-0.65;0.00;110;110
0.02;20;20;0.00;0.00;20;20;0.72;-0.24;-0.65;0.00;110;110
0.01;20;20;0.00;0.00;20;20;0.72;-0.24;-0.65;0.00;110;110
0.01;20;20;0.00;0.00;20;20;0.72;-0.24;-0.65;0.00;110;110
0.01;20;20;0.00;0.00;20;20;0.72;-0.24;-0.65;0.00;110;110
0.01;20;20;0.00;0.00;20;20;0.72;-0.24;-0.65;0.00;110;110
0.01;20;20;0.00;0.00;20;20;0.72;-0.24;-0.65;0.00;110;110
0.01;20;20;0.00;0.00;20;20;0.72;-0.24;-0.65;0.00;110;110
0.01;20;20;0.00;0.00;20;20;0.72;-0.24;-0.65;0.00;110;110
0.01;20;20;0.00;0.00;20;20;0.72;-0.24;-0.65;0.00;110;110
0.02;20;20;0.00;0.00;20;20;0.72;-0.24;-0.65;0.00;110;110
0.01;20;21;0.00;0.00;20;20;0.72;-0.24;-0.65;0.00;110;110
0.01;20;21;0.00;0.00;20;20;0.72;-0.24;-0.65;0.00;110;110
0.02;20;21;0.00;0.00;20;20;0.72;-0.24;-0.65;0.00;110;110
0.01;20;20;0.00;0.00;20;20;0.72;-0.24;-0.65;0.00;110;110
0.01;20;20;0.00;0.00;20;20;0.72;-0.24;-0.65;0.00;110;110
0.01;20;20;0.00;0.00;20;20;0.72;-0.24;-0.65;0.00;110;110
0.01;20;20;0.00;0.00;20;20;0.72;-0.24;-0.65;0.00;110;110
0.01;20;20;0.00;0.00;20;20;0.72;-0.24;-0.65;0.00;110;110
0.01;20;20;0.00;0.00;20;20;0.72;-0.24;-0.65;0.00;110;110
0.01;20;20;0.00;0.00;20;20;0.72;-0.24;-0.65;0.00;110;110
0.02;20;21;0.00;0.00;20;20;0.72;-0.24;-0.65;0.00;110;110
0.01;20;21;0.00;0.00;20;20;0.72;-0.24;-0.65;0.00;110;110
0.01;20;21;0.00;0.00;20;20;0.72;-0.24;-0.65;0.00;110;110
0.02;20;21;0.00;0.00;20;20;0.72;-0.24;-0.65;0.00;110;110
0.01;20;20;0.00;0.00;20;20;0.72;-0.24;-0.65;0.00;110;110
0.01;20;20;0.00;0.00;20;20;0.72;-0.24;-0.65;0.00;110;110
0.02;20;20;0.00;0.00;20;20;0.72;-0.24;-0.65;0.00;110;110
0.01;20;20;0.00;0.00;20;20;0.72;-0.24;-0.65;0.00;110;110
0.01;20;21;0.00;0.00;20;20;0.72;-0.24;-0.65;0.00;110;110
0.02;20;21;0.00;0.00;20;20;0.72;-0.24;-0.65;0.00;110;110
0.01;20;20;0.00;0.00;20;20;0.72;-0.24;-0.65;0.00;110;110
0.02;20;20;0.00;0.00;20;20;0.72;-0.24;-0.65;0.00;110;110
0.01;20;20;0.00;0.00;20;20;0.72;-0.24;-0.65;0.00;110;110
0.01;20;20;0.00;0.00;20;20;0.72;-0.24;-0.65;0.00;110;110
0.02;20;21;0.00;0.00;20;20;0.72;-0.24;-0.65;0.00;110;110
0.01;20;20;0.00;0.00;20;20;0.72;-0.24;-0.65;0.00;110;110
0.01;20;20;0.00;0.00;20;20;0.72;-0.24;-0.65;0.00;110;110
0.02;20;20;0.00;0.00;20;20;0.72;-0.24;-0.65;0.00;110;110
0.01;20;21;0.00;0.00;20;20;0.72;-0.24;-0.65;0.00;110;110
0.01;20;20;0.00;0.00;20;20;0.72;-0.24;-0.65;0.00;110;110
0.02;20;20;0.00;0.00;20;20;0.72;-0.24;-0.65;0.00;110;110
0.01;20;20;0.00;0.00;20;20;0.72;-0.24;-0.65;0.00;110;110
0.01;20;20;0.00;0.00;20;20;0.72;-0.24;-0.65;0.00;110;110
0.01;20;21;0.00;0.00;20;20;0.72;-0.24;-0.65;0.00;110;110
0.01;20;20;0.00;0.00;20;20;0.72;-0.24;-0.65;0.00;110;110
0.01;20;21;0.00;0.00;20;20;0.72;-0.24;-0.65;0.00;110;110
0.01;20;21;0.00;0.00;20;20;0.72;-0.24;-0.65;0.00;110;110
0.01;20;20;0.00;0.00;20;20;0.72;-0.24;-0.65;0.00;110;110
0.02;20;20;0.00;0.00;20;20;0.72;-0.24;-0.65;0.00;110;110
0.01;20;20;0.00;0.00;20;20;0.72;-0.24;-0.65;0.00;110;110
0.01;20;20;0.00;0.00;20;20;0.72;-0.24;-0.65;0.00;110;110
0.02;20;20;0.00;0.00;20;20;0.72;-0.24;-0.65;0.00;110;110
0.01;20;20;0.00;0.00;20;20;0.72;-0.24;-0.65;0.00;110;110
0.01;20;20;0.00;0.00;20;20;0.72;-0.24;-0.65;0.00;110;110
0.01;20;21;0.00;0.00;20;20;0.72;-0.24;-0.65;0.00;110;110
0.01;20;20;0.00;0.00;20;20;0.72;-0.24;-0.65;0.00;110;110
0.01;20;20;0.00;0.00;20;20;0.72;-0.24;-0.65;0.00;110;110
0.01;20;20;0.00;0.00;20;20;0.72;-0.24;-0.65;0.00;110;110
0.01;20;21;0.00;0.00;20;20;0.72;-0.24;-0.65;0.00;110;110
0.01;20;20;0.00;0.00;20;20;0.72;-0.24;-0.65;0.00;110;110
0.02;20;20;0.00;0.00;20;20;0.72;-0.24;-0.65;0.00;110;110
0.01;20;21;0.00;0.00;20;20;0.72;-0.24;-0.65;0.00;110;110
0.01;20;20;0.00;0.00;20;20;0.72;-0.24;-0.65;0.00;110;110
0.02;20;20;0.00;0.00;20;20;0.72;-0.24;-0.65;0.00;110;110
0.01;20;21;0.00;0.00;20;20;0.72;-0.24;-0.65;0.00;110;110
0.01;20;20;0.00;0.00;20;20;0.72;-0.24;-0.65;0.00;110;110
0.01;20;20;0.00;0.00;20;20;0.72;-0.24;-0.65;0.00;110;110
0.01;20;21;0.00;0.00;20;20;0.72;-0.24;-0.65;0.00;110;110
0.01;20;21;0.00;0.00;20;20;0.72;-0.24;-0.65;0.00;110;110
0.01;20;20;0.00;0.00;20;20;0.72;-0.24;-0.65;0.00;110;110
0.01;20;20;0.00;0.00;20;20;0.72;-0.24;-0.65;0.00;110;110
0.02;20;21;0.00;0.00;20;20;0.72;-0.24;-0.65;0.00;110;110
0.01;20;20;0.00;0.00;20;20;0.72;-0.24;-0.65;0.00;110;110
0.01;20;20;0.00;0.00;20;20;0.72;-0.24;-0.65;0.00;110;110
0.02;20;20;0.00;0.00;20;20;0.72;-0.24;-0.65;0.00;110;110
0.01;20;21;0.00;0.00;20;20;0.72;-0.24;-0.65;0.00;110;110
0.01;20;20;0.00;0.00;20;20;0.72;-0.24;-0.65;0.00;110;110
0.02;20;21;0.00;0.00;20;20;0.72;-0.24;-0.65;0.00;110;110
0.01;20;21;0.00;0.00;20;20;0.72;-0.24;-0.65;0.00;110;110
0.01;20;21;0.00;0.00;20;20;0.72;-0.24;-0.65;0.00;110;110
0.02;20;21;0.00;0.00;20;20;0.72;-0.24;-0.65;0.00;110;110
0.01;20;21;0.00;0.00;20;20;0.72;-0.24;-0.65;0.00;110;110
0.02;20;21;0.00;0.00;20;20;0.72;-0.24;-0.65;0.00;110;110
0.01;20;20;0.00;0.00;20;20;0.72;-0.24;-0.65;0.00;110;110
0.01;20;20;0.00;0.00;20;20;0.72;-0.24;-0.65;0.00;110;110
0.02;20;21;0.00;0.00;20;20;0.72;-0.24;-0.65;0.00;110;110
0.01;20;20;0.00;0.00;20;20;0.72;-0.24;-0.65;0.00;110;110
0.01;20;21;0.00;0.00;20;20;0.72;-0.24;-0.65;0.00;110;110
0.02;20;21;0.00;0.00;20;20;0.72;-0.24;-0.65;0.00;110;110
0.01;20;21;0.00;0.00;20;20;0.72;-0.24;-0.65;0.00;110;110
0.01;20;20;0.00;0.00;20;20;0.72;-0.24;-0.65;0.00;110;110
0.02;20;20;0.00;0.00;20;20;0.72;-0.24;-0.65;0.00;110;110
0.01;20;20;0.00;0.00;20;20;0.72;-0.24;-0.65;0.00;110;110
0.01;20;20;0.00;0.00;20;20;0.72;-0.24;-0.65;0.00;110;110
0.01;20;20;0.00;0.00;20;20;0.72;-0.24;-0.65;0.00;110;110
0.01;20;20;0.00;0.00;20;20;0.72;-0.24;-0.65;0.00;110;110
0.02;20;20;0.00;0.00;20;20;0.72;-0.24;-0.65;0.00;110;110
0.01;20;20;0.00;0.00;20;20;0.72;-0.24;-0.65;0.00;110;110
0.01;20;21;0.00;0.00;20;20;0.72;-0.24;-0.65;0.00;110;110
0.02;20;21;0.00;0.00;20;20;0.72;-0.24;-0.65;0.00;110;110
0.01;20;21;0.00;0.00;20;20;0.72;-0.24;-0.65;0.00;110;110
0.01;20;21;0.00;0.00;20;20;0.72;-0.24;-0.65;0.00;110;110
0.02;20;21;0.00;0.00;20;20;0.72;-0.24;-0.65;0.00;110;110
0.01;20;21;0.00;0.00;20;20;0.72;-0.24;-0.65;0.00;110;110
0.01;20;20;0.00;0.00;20;20;0.72;-0.24;-0.65;0.00;110;110
0.01;20;21;0.00;0.00;20;20;0.72;-0.24;-0.65;0.00;110;110
0.01;20;21;0.00;0.00;20;20;0.72;-0.24;-0.65;0.00;110;110
0.01;20;20;0.00;0.00;20;20;0.72;-0.24;-0.65;0.00;110;110
0.02;20;20;0.00;0.00;20;20;0.72;-0.24;-0.65;0.00;110;110
0.01;20;20;0.00;0.00;20;20;0.72;-0.24;-0.65;0.00;110;110
0.01;20;20;0.00;0.00;20;20;0.72;-0.24;-0.65;0.00;110;110
0.02;20;21;0.00;0.00;20;20;0.72;-0.24;-0.65;0.00;110;110
0.01;20;21;0.00;0.00;20;20;0.72;-0.24;-0.65;0.00;110;110
0.02;20;20;0.00;0.00;20;20;0.72;-0.24;-0.65;0.00;110;110
0.01;20;20;0.00;0.00;20;20;0.72;-0.24;-0.65;0.00;110;110
0.01;20;20;0.00;0.00;20;20;0.72;-0.24;-0.65;0.00;110;110
0.01;20;20;0.00;0.00;20;20;0.72;-0.24;-0.65;0.00;110;110
0.01;20;21;0.00;0.00;20;20;0.72;-0.24;-0.65;0.00;110;110
0.01;20;21;0.00;0.00;20;20;0.72;-0.24;-0.65;0.00;110;110
0.02;20;20;0.00;0.00;20;20;0.72;-0.24;-0.65;0.00;110;110
0.01;20;20;0.00;0.00;20;20;0.72;-0.24;-0.65;0.00;110;110
0.01;20;21;0.00;0.00;20;20;0.72;-0.24;-0.65;0.00;110;110
0.02;20;20;0.00;0.00;20;20;0.72;-0.24;-0.65;0.00;110;110
0.01;20;21;0.00;0.00;20;20;0.72;-0.24;-0.65;0.00;110;110
0.01;20;21;0.00;0.00;20;20;0.72;-0.24;-0.65;0.00;110;110
0.02;20;21;0.00;0.00;20;20;0.72;-0.24;-0.65;0.00;110;110
0.01;20;20;0.00;0.00;20;20;0.72;-0.24;-0.65;0.00;110;110
0.01;20;21;0.00;0.00;20;20;0.72;-0.24;-0.65;0.00;110;110
0.02;20;20;0.00;0.00;20;20;0.72;-0.24;-0.65;0.00;110;110
0.01;20;21;0.00;0.00;20;20;0.72;-0.24;-0.65;0.00;110;110
0.02;20;21;0.00;0.00;20;20;0.72;-0.24;-0.65;0.00;110;110
0.01;20;20;0.00;0.00;20;20;0.72;-0.24;-0.65;0.00;110;110
0.01;20;21;0.00;0.00;20;20;0.72;-0.24;-0.65;0.00;110;110
0.02;20;20;0.00;0.00;20;20;0.72;-0.24;-0.65;0.00;110;110
0.01;20;20;0.00;0.00;20;20;0.72;-0.24;-0.65;0.00;110;110
0.01;20;20;0.00;0.00;20;20;0.72;-0.24;-0.65;0.00;110;110
0.02;20;21;0.00;0.00;20;20;0.72;-0.24;-0.65;0.00;110;110
0.01;20;20;0.00;0.00;20;20;0.72;-0.24;-0.65;0.00;110;110
0.01;20;20;0.00;0.00;20;20;0.72;-0.24;-0.65;0.00;110;110
0.02;20;20;0.00;0.00;20;20;0.72;-0.24;-0.65;0.00;110;110
0.01;20;21;0.00;0.00;20;20;0.72;-0.24;-0.65;0.00;110;110
0.01;20;20;0.00;0.00;20;20;0.72;-0.24;-0.65;0.00;110;110
0.01;20;21;0.00;0.00;20;20;0.72;-0.24;-0.65;0.00;110;110
0.01;20;20;0.00;0.00;20;20;0.72;-0.24;-0.65;0.00;110;110
0.01;20;20;0.00;0.00;20;20;0.72;-0.24;-0.65;0.00;110;110
0.01;20;20;0.00;0.00;20;20;0.72;-0.24;-0.65;0.00;110;110
0.01;20;20;0.00;0.00;20;20;0.72;-0.24;-0.65;0.00;110;110
0.02;20;20;0.00;0.00;20;20;0.72;-0.24;-0.65;0.00;110;110
0.01;20;21;0.00;0.00;20;20;0.72;-0.24;-0.65;0.00;110;110
0.01;20;20;0.00;0.00;20;20;0.72;-0.24;-0.65;0.00;110;110
0.02;20;21;0.00;0.00;20;20;0.72;-0.24;-0.65;0.00;110;110
0.01;20;21;0.00;0.00;20;20;0.72;-0.24;-0.65;0.00;110;110
0.01;20;21;0.00;0.00;20;20;0.72;-0.24;-0.65;0.00;110;110
0.01;20;21;0.00;0.00;20;20;0.72;-0.24;-0.65;0.00;110;110
0.01;20;21;0.00;0.00;20;20;0.72;-0.24;-0.65;0.00;110;110
0.01;20;20;0.00;0.00;20;20;0.72;-0.24;-0.65;0.00;110;110
0.01;20;20;0.00;0.00;20;20;0.72;-0.24;-0.65;0.00;110;110
0.01;20;21;0.00;0.00;20;20;0.72;-0.24;-0.65;0.00;110;110
0.01;20;21;0.00;0.00;20;20;0.72;-0.24;-0.65;0.00;110;110
0.02;20;20;0.00;0.00;20;20;0.72;-0.24;-0.65;0.00;110;110
0.01;20;21;0.00;0.00;20;20;0.72;-0.24;-0.65;0.00;110;110
0.01;20;20;0.00;0.00;20;20;0.72;-0.24;-0.65;0.00;110;110
0.02;20;21;0.00;0.00;20;20;0.72;-0.24;-0.65;0.00;110;110
0.01;20;20;0.00;0.00;20;20;0.72;-0.24;-0.65;0.00;110;110
0.02;20;21;0.00;0.00;20;20;0.72;-0.24;-0.65;0.00;110;110
0.01;20;20;0.00;0.00;20;20;0.72;-0.24;-0.65;0.00;110;110
0.01;20;20;0.00;0.00;20;20;0.72;-0.24;-0.65;0.00;110;110
0.01;20;21;0.00;0.00;20;20;0.72;-0.24;-0.65;0.00;110;110
0.01;20;21;0.00;0.00;20;20;0.72;-0.24;-0.65;0.00;110;110
0.01;20;21;0.00;0.00;20;20;0.72;-0.24;-0.65;0.00;110;110
0.02;20;21;0.00;0.00;20;20;0.72;-0.24;-0.65;0.00;110;110
0.01;20;20;0.00;0.00;20;20;0.72;-0.24;-0.65;0.00;110;110
0.01;20;21;0.00;0.00;20;20;0.72;-0.24;-0.65;0.00;110;110
0.02;20;21;0.00;0.00;20;20;0.72;-0.24;-0.65;0.00;110;110
0.01;20;21;0.00;0.00;20;20;0.72;-0.24;-0.65;0.00;110;110
0.01;20;21;0.00;0.00;20;20;0.72;-0.24;-0.65;0.00;110;110
0.02;20;21;0.00;0.00;20;20;0.72;-0.24;-0.65;0.00;110;110
0.01;20;21;0.00;0.00;20;20;0.72;-0.24;-0.65;0.00;110;110
0.01;20;20;0.00;0.00;20;20;0.72;-0.24;-0.65;0.00;110;110
0.02;20;21;0.00;0.00;20;20;0.72;-0.24;-0.65;0.00;110;110
0.01;20;20;0.00;0.00;20;20;0.72;-0.24;-0.65;0.00;110;110
0.02;20;20;0.00;0.00;20;20;0.72;-0.24;-0.65;0.00;110;110
0.01;20;20;0.00;0.00;20;20;0.72;-0.24;-0.65;0.00;110;110
0.01;20;20;0.00;0.00;20;20;0.72;-0.24;-0.65;0.00;110;110
0.02;20;21;0.00;0.00;20;20;0.72;-0.24;-0.65;0.00;110;110
0.01;20;21;0.00;0.00;20;20;0.72;-0.24;-0.65;0.00;110;110
0.01;20;21;0.00;0.00;20;20;0.72;-0.24;-0.65;0.00;110;110
0.02;20;21;0.00;0.00;20;20;0.72;-0.24;-0.65;0.00;110;110
0.01;20;21;0.00;0.00;20;20;0.72;-0.24;-0.65;0.00;110;110
0.01;20;21;0.00;0.00;20;20;0.72;-0.24;-0.65;0.00;110;110
0.02;20;20;0.00;0.00;20;20;0.72;-0.24;-0.65;0.00;110;110
0.01;20;21;0.00;0.00;20;20;0.72;-0.24;-0.65;0.00;110;110
0.01;20;21;0.00;0.00;20;20;0.72;-0.24;-0.65;0.00;110;110
0.01;20;21;0.00;0.00;20;20;0.72;-0.24;-0.65;0.00;110;110
0.01;20;20;0.00;0.00;20;20;0.72;-0.24;-0.65;0.00;110;110
0.02;20;21;0.00;0.00;20;20;0.72;-0.24;-0.65;0.00;110;110
0.01;20;21;0.00;0.00;20;20;0.72;-0.24;-0.65;0.00;110;110
0.01;20;21;0.00;0.00;20;20;0.72;-0.24;-0.65;0.00;110;110
0.02;20;21;0.00;0.00;20;20;0.72;-0.24;-0.65;0.00;110;110
0.01;20;20;0.00;0.00;20;20;0.72;-0.24;-0.65;0.00;110;110
0.01;20;20;0.00;0.00;20;20;0.72;-0.24;-0.65;0.00;110;110
0.02;20;21;0.00;0.00;20;20;0.72;-0.24;-0.65;0.00;110;110
0.01;20;21;0.00;0.00;20;20;0.72;-0.24;-0.65;0.00;110;110
0.01;20;21;0.00;0.00;20;20;0.72;-0.24;-0.65;0.00;110;110
0.01;20;21;0.00;0.00;20;20;0.72;-0.24;-0.65;0.00;110;110
0.01;20;21;0.00;0.00;20;20;0.72;-0.24;-0.65;0.00;110;110
0.01;20;21;0.00;0.00;20;20;0.72;-0.24;-0.65;0.00;110;110
0.01;20;21;0.00;0.00;20;20;0.72;-0.24;-0.65;0.00;110;110
0.01;20;21;0.00;0.00;20;20;0.72;-0.24;-0.65;0.00;110;110
0.01;20;21;0.00;0.00;20;20;0.72;-0.24;-0.65;0.00;110;110
0.02;20;21;0.00;0.00;20;20;0.72;-0.24;-0.65;0.00;110;110
0.01;20;21;0.00;0.00;20;20;0.72;-0.24;-0.65;0.00;110;110
0.02;20;20;0.00;0.00;20;20;0.72;-0.24;-0.65;0.00;110;110
0.01;20;21;0.00;0.00;20;20;0.72;-0.24;-0.65;0.00;110;110
0.01;20;20;0.00;0.00;20;20;0.72;-0.24;-0.65;0.00;110;110
0.01;20;21;0.00;0.00;20;20;0.72;-0.24;-0.65;0.00;110;110
0.01;20;20;0.00;0.00;20;20;0.72;-0.24;-0.65;0.00;110;110
0.01;20;21;0.00;0.00;20;20;0.72;-0.24;-0.65;0.00;110;110
0.01;20;20;0.00;0.00;20;20;0.72;-0.24;-0.65;0.00;110;110
0.01;20;21;0.00;0.00;20;20;0.72;-0.24;-0.65;0.00;110;110
0.01;20;21;0.00;0.00;20;20;0.72;-0.24;-0.65;0.00;110;110
0.02;20;20;0.00;0.00;20;20;0.72;-0.24;-0.65;0.00;110;110
0.01;20;20;0.00;0.00;20;20;0.72;-0.24;-0.65;0.00;110;110
0.01;20;21;0.00;0.00;20;20;0.72;-0.24;-0.65;0.00;110;110
0.02;20;21;0.00;0.00;20;20;0.72;-0.24;-0.65;0.00;110;110
0.01;20;21;0.00;0.00;20;20;0.72;-0.24;-0.65;0.00;110;110
0.01;20;20;0.00;0.00;20;20;0.72;-0.24;-0.65;0.00;110;110
0.02;20;21;0.00;0.00;20;20;0.72;-0.24;-0.65;0.00;110;110
0.01;20;20;0.00;0.00;20;20;0.72;-0.24;-0.65;0.00;110;110
0.01;20;21;0.00;0.00;20;20;0.72;-0.24;-0.65;0.00;110;110
0.01;20;20;0.00;0.00;20;20;0.72;-0.24;-0.65;0.00;110;110
0.01;20;21;0.00;0.00;20;20;0.72;-0.24;-0.65;0.00;110;110
0.02;20;20;0.00;0.00;20;20;0.72;-0.24;-0.65;0.00;110;110
0.01;20;21;0.00;0.00;20;20;0.72;-0.24;-0.65;0.00;110;110
0.01;20;21;0.00;0.00;20;20;0.72;-0.24;-0.65;0.00;110;110
0.02;20;20;0.00;0.00;20;20;0.72;-0.24;-0.65;0.00;110;110
0.01;20;20;0.00;0.00;20;20;0.72;-0.24;-0.65;0.00;110;110
0.01;20;21;0.00;0.00;20;20;0.72;-0.24;-0.65;0.00;110;110
0.02;20;20;0.00;0.00;20;20;0.72;-0.24;-0.65;0.00;110;110
0.01;20;21;0.00;0.00;20;20;0.72;-0.24;-0.65;0.00;110;110
0.01;20;21;0.00;0.00;20;20;0.72;-0.24;-0.65;0.00;110;110
0.02;20;21;0.00;0.00;20;20;0.72;-0.24;-0.65;0.00;110;110
0.01;20;21;0.00;0.00;20;20;0.72;-0.24;-0.65;0.00;110;110
0.01;20;21;0.00;0.00;20;20;0.72;-0.24;-0.65;0.00;110;110
0.01;20;21;0.00;0.00;20;20;0.72;-0.24;-0.65;0.00;110;110
0.01;20;21;0.00;0.00;20;20;0.72;-0.24;-0.65;0.00;110;110
0.02;20;21;0.00;0.00;20;20;0.72;-0.24;-0.65;0.00;110;110
0.01;20;21;0.00;0.00;20;20;0.72;-0.24;-0.65;0.00;110;110
0.01;20;21;0.00;0.00;20;20;0.72;-0.24;-0.65;0.00;110;110
0.02;20;21;0.00;0.00;20;20;0.72;-0.24;-0.65;0.00;110;110
0.01;20;21;0.00;0.00;20;20;0.72;-0.24;-0.65;0.00;110;110
0.01;20;21;0.00;0.00;20;20;0.72;-0.24;-0.65;0.00;110;110
0.02;20;20;0.00;0.00;20;20;0.72;-0.24;-0.65;0.00;110;110
0.01;20;21;0.00;0.00;20;20;0.72;-0.24;-0.65;0.00;110;110
0.01;20;20;0.00;0.00;20;20;0.72;-0.24;-0.65;0.00;110;110
0.01;20;20;0.00;0.00;20;20;0.72;-0.24;-0.65;0.00;110;110
0.01;20;21;0.00;0.00;20;20;0.72;-0.24;-0.65;0.00;110;110
0.01;20;21;0.00;0.00;20;20;0.72;-0.24;-0.65;0.00;110;110
0.02;20;21;0.00;0.00;20;20;0.72;-0.24;-0.65;0.00;110;110
0.01;20;20;0.00;0.00;20;20;0.72;-0.24;-0.65;0.00;110;110
0.01;20;20;0.00;0.00;20;20;0.72;-0.24;-0.65;0.00;110;110
0.02;20;21;0.00;0.00;20;20;0.72;-0.24;-0.65;0.00;110;110
0.01;20;21;0.00;0.00;20;20;0.72;-0.24;-0.65;0.00;110;110
0.02;20;21;0.00;0.00;20;20;0.72;-0.24;-0.65;0.00;110;110
0.01;20;21;0.00;0.00;20;20;0.72;-0.24;-0.65;0.00;110;110
0.01;20;21;0.00;0.00;20;20;0.72;-0.24;-0.65;0.00;110;110
0.01;20;20;0.00;0.00;20;20;0.72;-0.24;-0.65;0.00;110;110
0.01;20;20;0.00;0.00;20;20;0.72;-0.24;-0.65;0.00;110;110
0.01;20;21;0.00;0.00;20;20;0.72;-0.24;-0.65;0.00;110;110
0.02;20;20;0.00;0.00;20;20;0.72;-0.24;-0.65;0.00;110;110
0.01;20;21;0.00;0.00;20;20;0.72;-0.24;-0.65;0.00;110;110
0.01;20;21;0.00;0.00;20;20;0.72;-0.24;-0.65;0.00;110;110
0.02;20;20;0.00;0.00;20;20;0.72;-0.24;-0.65;0.00;110;110
0.01;20;21;0.00;0.00;20;20;0.72;-0.24;-0.65;0.00;110;110
0.01;20;20;0.00;0.00;20;20;0.72;-0.24;-0.65;0.00;110;110
0.02;20;21;0.00;0.00;20;20;0.72;-0.24;-0.65;0.00;110;110
0.01;20;20;0.00;0.00;20;20;0.72;-0.24;-0.65;0.00;110;110
0.01;20;21;0.00;0.00;20;20;0.72;-0.24;-0.65;0.00;110;110
0.02;20;21;0.00;0.00;20;20;0.72;-0.24;-0.65;0.00;110;110
0.01;20;21;0.00;0.00;20;20;0.72;-0.24;-0.65;0.00;110;110
0.02;20;21;0.00;0.00;20;20;0.72;-0.24;-0.65;0.00;110;110
0.01;20;21;0.00;0.00;20;20;0.72;-0.24;-0.65;0.00;110;110
0.01;20;21;0.00;0.00;20;20;0.72;-0.24;-0.65;0.00;110;110
0.02;20;20;0.00;0.00;20;20;0.72;-0.24;-0.65;0.00;110;110
0.01;20;20;0.00;0.00;20;20;0.72;-0.24;-0.65;0.00;110;110
0.01;20;20;0.00;0.00;20;20;0.72;-0.24;-0.65;0.00;110;110
0.02;20;21;0.00;0.00;20;20;0.72;-0.24;-0.65;0.00;110;110
0.01;20;21;0.00;0.00;20;20;0.72;-0.24;-0.65;0.00;110;110
0.01;20;20;0.00;0.00;20;20;0.72;-0.24;-0.65;0.00;110;110
0.02;20;20;0.00;0.00;20;20;0.72;-0.24;-0.65;0.00;110;110
0.01;20;21;0.00;0.00;20;20;0.72;-0.24;-0.65;0.00;110;110
0.01;20;20;0.00;0.00;20;20;0.72;-0.24;-0.65;0.00;110;110
0.02;20;21;0.00;0.00;20;20;0.72;-0.24;-0.65;0.00;110;110
0.01;20;21;0.00;0.00;20;20;0.72;-0.24;-0.65;0.00;110;110
0.02;20;20;0.00;0.00;20;20;0.72;-0.24;-0.65;0.00;110;110
0.01;20;20;0.00;0.00;20;20;0.72;-0.24;-0.65;0.00;110;110
0.01;20;21;0.00;0.00;20;20;0.72;-0.24;-0.65;0.00;110;110
0.02;20;20;0.00;0.00;20;20;0.72;-0.24;-0.65;0.00;110;110
0.01;20;21;0.00;0.00;20;20;0.72;-0.24;-0.65;0.00;110;110
0.01;20;21;0.00;0.00;20;20;0.72;-0.24;-0.65;0.00;110;110
0.02;20;21;0.00;0.00;20;20;0.72;-0.24;-0.65;0.00;110;110
0.01;20;21;0.00;0.00;20;20;0.72;-0.24;-0.65;0.00;110;110
0.01;20;21;0.00;0.00;20;20;0.72;-0.24;-0.65;0.00;110;110
0.02;20;21;0.00;0.00;20;20;0.72;-0.24;-0.65;0.00;110;110
0.01;20;20;0.00;0.00;20;20;0.72;-0.24;-0.65;0.00;110;110
0.01;20;21;0.00;0.00;20;20;0.72;-0.24;-0.65;0.00;110;110
0.01;20;21;0.00;0.00;20;20;0.72;-0.24;-0.65;0.00;110;110
0.01;20;21;0.00;0.00;20;20;0.72;-0.24;-0.65;0.00;110;110
0.01;20;20;0.00;0.00;20;20;0.72;-0.24;-0.65;0.00;110;110
0.02;20;21;0.00;0.00;20;20;0.72;-0.24;-0.65;0.00;110;110
0.01;20;21;0.00;0.00;20;20;0.72;-0.24;-0.65;0.00;110;110
0.02;20;21;0.00;0.00;20;20;0.72;-0.24;-0.65;0.00;110;110
0.01;20;21;0.00;0.00;20;20;0.72;-0.24;-0.65;0.00;110;110
0.01;20;21;0.00;0.00;20;20;0.72;-0.24;-0.65;0.00;110;110
0.02;20;21;0.00;0.00;20;20;0.72;-0.24;-0.65;0.00;110;110
0.01;20;21;0.00;0.00;20;20;0.72;-0.24;-0.65;0.00;110;110
0.01;20;21;0.00;0.00;20;20;0.72;-0.24;-0.65;0.00;110;110
0.01;20;21;0.00;0.00;20;20;0.72;-0.24;-0.65;0.00;110;110
0.01;20;21;0.00;0.00;20;20;0.72;-0.24;-0.65;0.00;110;110
0.01;20;21;0.00;0.00;20;20;0.72;-0.24;-0.65;0.00;110;110
0.02;20;20;0.00;0.00;20;20;0.72;-0.24;-0.65;0.00;110;110
0.01;20;21;0.00;0.00;20;20;0.72;-0.24;-0.65;0.00;110;110
0.01;20;20;0.00;0.00;20;20;0.72;-0.24;-0.65;0.00;110;110
0.02;20;21;0.00;0.00;20;20;0.72;-0.24;-0.65;0.00;110;110
0.01;20;21;0.00;0.00;20;20;0.72;-0.24;-0.65;0.00;110;110
0.01;20;20;0.00;0.00;20;20;0.72;-0.24;-0.65;0.00;110;110
0.02;20;21;0.00;0.00;20;20;0.72;-0.24;-0.65;0.00;110;110
0.01;20;21;0.00;0.00;20;20;0.72;-0.24;-0.65;0.00;110;110
0.01;20;21;0.00;0.00;20;20;0.72;-0.24;-0.65;0.00;110;110
0.01;20;21;0.00;0.00;20;20;0.72;-0.24;-0.65;0.00;110;110
0.01;20;21;0.00;0.00;20;20;0.72;-0.24;-0.65;0.00;110;110
0.02;20;21;0.00;0.00;20;20;0.72;-0.24;-0.65;0.00;110;110
0.01;20;21;0.00;0.00;20;20;0.72;-0.24;-0.65;0.00;110;110
0.01;20;21;0.00;0.00;20;20;0.72;-0.24;-0.65;0.00;110;110
0.02;20;21;0.00;0.00;20;20;0.72;-0.24;-0.65;0.00;110;110
0.01;20;21;0.00;0.00;20;20;0.72;-0.24;-0.65;0.00;110;110
0.01;20;21;0.00;0.00;20;20;0.72;-0.24;-0.65;0.00;110;110
0.02;20;21;0.00;0.00;20;20;0.72;-0.24;-0.65;0.00;110;110
0.01;20;20;0.00;0.00;20;20;0.72;-0.24;-0.65;0.00;110;110
0.01;20;21;0.00;0.00;20;20;0.72;-0.24;-0.65;0.00;110;110
0.02;20;21;0.00;0.00;20;20;0.72;-0.24;-0.65;0.00;110;110
0.01;20;21;0.00;0.00;20;20;0.72;-0.24;-0.65;0.00;110;110
0.01;20;21;0.00;0.00;20;20;0.72;-0.24;-0.65;0.00;110;110
0.01;20;21;0.00;0.00;20;20;0.72;-0.24;-0.65;0.00;110;110
0.01;20;21;0.00;0.00;20;20;0.72;-0.24;-0.65;0.00;110;110
0.02;20;21;0.00;0.00;20;20;0.72;-0.24;-0.65;0.00;110;110
0.01;20;21;0.00;0.00;20;20;0.72;-0.24;-0.65;0.00;110;110
0.01;20;21;0.00;0.00;20;20;0.72;-0.24;-0.65;0.00;110;110
0.02;20;21;0.00;0.00;20;20;0.72;-0.24;-0.65;0.00;110;110
0.01;20;21;0.00;0.00;20;20;0.72;-0.24;-0.65;0.00;110;110
0.01;20;20;0.00;0.00;20;20;0.72;-0.24;-0.65;0.00;110;110
0.02;20;21;0.00;0.00;20;20;0.72;-0.24;-0.65;0.00;110;110
0.01;20;21;0.00;0.00;20;20;0.72;-0.24;-0.65;0.00;110;110
0.01;20;20;0.00;0.00;20;20;0.72;-0.24;-0.65;0.00;110;110
0.01;20;20;0.00;0.00;20;20;0.72;-0.24;-0.65;0.00;110;110
0.01;20;20;0.00;0.00;20;20;0.72;-0.24;-0.65;0.00;110;110
0.01;20;21;0.00;0.00;20;20;0.72;-0.24;-0.65;0.00;110;110
0.01;20;21;0.00;0.00;20;20;0.72;-0.24;-0.65;0.00;110;110
0.01;20;20;0.00;0.00;20;20;0.72;-0.24;-0.65;0.00;110;110
0.01;20;21;0.00;0.00;20;20;0.72;-0.24;-0.65;0.00;110;110
0.02;20;21;0.00;0.00;20;20;0.72;-0.24;-0.65;0.00;110;110
0.01;20;20;0.00;0.00;20;20;0.72;-0.24;-0.65;0.00;110;110
0.02;20;20;0.00;0.00;20;20;0.72;-0.24;-0.65;0.00;110;110
0.01;20;21;0.00;0.00;20;20;0.72;-0.24;-0.65;0.00;110;110
0.01;20;21;0.00;0.00;20;20;0.72;-0.24;-0.65;0.00;110;110
0.01;20;21;0.00;0.00;20;20;0.72;-0.24;-0.65;0.00;110;110
0.01;20;20;0.00;0.00;20;20;0.72;-0.24;-0.65;0.00;110;110
0.01;20;21;0.00;0.00;20;20;0.72;-0.24;-0.65;0.00;110;110
0.01;20;21;0.00;0.00;20;20;0.72;-0.24;-0.65;0.00;110;110
0.01;20;21;0.00;0.00;20;20;0.72;-0.24;-0.65;0.00;110;110
0.01;20;21;0.00;0.00;20;20;0.72;-0.24;-0.65;0.00;110;110
0.02;20;21;0.00;0.00;20;20;0.72;-0.24;-0.65;0.00;110;110
0.01;20;21;0.00;0.00;20;20;0.72;-0.24;-0.65;0.00;110;110
0.01;20;21;0.00;0.00;20;20;0.72;-0.24;-0.65;0.00;110;110
0.02;20;21;0.00;0.00;20;20;0.72;-0.24;-0.65;0.00;110;110
0.01;20;21;0.00;0.00;20;20;0.72;-0.24;-0.65;0.00;110;110
0.01;20;21;0.00;0.00;20;20;0.72;-0.24;-0.65;0.00;110;110
0.02;20;21;0.00;0.00;20;20;0.72;-0.24;-0.65;0.00;110;110
0.01;20;21;0.00;0.00;20;20;0.72;-0.24;-0.65;0.00;110;110
0.01;20;21;0.00;0.00;20;20;0.72;-0.24;-0.65;0.00;110;110
0.01;20;21;0.00;0.00;20;20;0.72;-0.24;-0.65;0.00;110;110
0.01;20;21;0.00;0.00;20;20;0.72;-0.24;-0.65;0.00;110;110
0.02;20;20;0.00;0.00;20;20;0.72;-0.24;-0.65;0.00;110;110
0.01;20;21;0.00;0.00;20;20;0.72;-0.24;-0.65;0.00;110;110
0.01;20;21;0.00;0.00;20;20;0.72;-0.24;-0.65;0.00;110;110
0.02;20;21;0.00;0.00;20;20;0.72;-0.24;-0.65;0.00;110;110
0.01;20;21;0.00;0.00;20;20;0.72;-0.24;-0.65;0.00;110;110
0.01;20;20;0.00;0.00;20;20;0.72;-0.24;-0.65;0.00;110;110
0.02;20;20;0.00;0.00;20;20;0.72;-0.24;-0.65;0.00;110;110
0.01;20;21;0.00;0.00;20;20;0.72;-0.24;-0.65;0.00;110;110
0.01;20;21;0.00;0.00;20;20;0.72;-0.24;-0.65;0.00;110;110
0.02;20;21;0.00;0.00;20;20;0.72;-0.24;-0.65;0.00;110;110
0.01;20;21;0.00;0.00;20;20;0.72;-0.24;-0.65;0.00;110;110
0.01;20;21;0.00;0.00;20;20;0.72;-0.24;-0.65;0.00;110;110
0.01;20;21;0.00;0.00;20;20;0.72;-0.24;-0.65;0.00;110;110
0.01;20;21;0.00;0.00;20;20;0.72;-0.24;-0.65;0.00;110;110
0.02;20;21;0.00;0.00;20;20;0.72;-0.24;-0.65;0.00;110;110
0.01;20;21;0.00;0.00;20;20;0.72;-0.24;-0.65;0.00;110;110
0.01;20;21;0.00;0.00;20;20;0.72;-0.24;-0.65;0.00;110;110
0.02;20;21;0.00;0.00;20;20;0.72;-0.24;-0.65;0.00;110;110
0.01;20;21;0.00;0.00;20;20;0.72;-0.24;-0.65;0.00;110;110
0.01;20;21;0.00;0.00;20;20;0.72;-0.24;-0.65;0.00;110;110
0.02;20;21;0.00;0.00;20;20;0.72;-0.24;-0.65;0.00;110;110
0.01;20;20;0.00;0.00;20;20;0.72;-0.24;-0.65;0.00;110;110
0.01;20;21;0.00;0.00;20;20;0.72;-0.24;-0.65;0.00;110;110
0.01;20;21;0.00;0.00;20;20;0.72;-0.24;-0.65;0.00;110;110
0.01;20;21;0.00;0.00;20;20;0.72;-0.24;-0.65;0.00;110;110
0.01;20;21;0.00;0.00;20;20;0.72;-0.24;-0.65;0.00;110;110
0.02;20;21;0.00;0.00;20;20;0.72;-0.24;-0.65;0.00;110;110
0.01;20;21;0.00;0.00;20;20;0.72;-0.24;-0.65;0.00;110;110
0.01;20;20;0.00;0.00;20;20;0.72;-0.24;-0.65;0.00;110;110
0.02;20;21;0.00;0.00;20;20;0.72;-0.24;-0.65;0.00;110;110
0.01;20;21;0.00;0.00;20;20;0.72;-0.24;-0.65;0.00;110;110
0.02;20;21;0.00;0.00;20;20;0.72;-0.24;-0.65;0.00;110;110
0.01;20;21;0.00;0.00;20;20;0.72;-0.24;-0.65;0.00;110;110
0.01;20;21;0.00;0.00;20;20;0.72;-0.24;-0.65;0.00;110;110
0.01;20;20;0.00;0.00;20;20;0.72;-0.24;-0.65;0.00;110;110
0.01;20;21;0.00;0.00;20;20;0.72;-0.24;-0.65;0.00;110;110
0.01;20;21;0.00;0.00;20;20;0.72;-0.24;-0.65;0.00;110;110
0.01;20;20;0.00;0.00;20;20;0.72;-0.24;-0.65;0.00;110;110
0.01;20;21;0.00;0.00;20;20;0.72;-0.24;-0.65;0.00;110;110
0.01;20;20;0.00;0.00;20;20;0.72;-0.24;-0.65;0.00;110;110
0.02;20;21;0.00;0.00;20;20;0.72;-0.24;-0.65;0.00;110;110
0.01;20;21;0.00;0.00;20;20;0.72;-0.24;-0.65;0.00;110;110
0.01;20;21;0.00;0.00;20;20;0.72;-0.24;-0.65;0.00;110;110
0.02;20;21;0.00;0.00;20;20;0.72;-0.24;-0.65;0.00;110;110
0.01;20;21;0.00;0.00;20;20;0.72;-0.24;-0.65;0.00;110;110
0.01;20;21;0.00;0.00;20;20;0.72;-0.24;-0.65;0.00;110;110
0.02;20;20;0.00;0.00;20;20;0.72;-0.24;-0.65;0.00;110;110
0.01;20;20;0.00;0.00;20;20;0.72;-0.24;-0.65;0.00;110;110
0.01;20;21;0.00;0.00;20;20;0.72;-0.24;-0.65;0.00;110;110
0.01;20;20;0.00;0.00;20;20;0.72;-0.24;-0.65;0.00;110;110
0.01;20;21;0.00;0.00;20;20;0.72;-0.24;-0.65;0.00;110;110
0.02;20;21;0.00;0.00;20;20;0.72;-0.24;-0.65;0.00;110;110
0.01;20;21;0.00;0.00;20;20;0.72;-0.24;-0.65;0.00;110;110
0.01;20;21;0.00;0.00;20;20;0.72;-0.24;-0.65;0.00;110;110
0.02;20;21;0.00;0.00;20;20;0.72;-0.24;-0.65;0.00;110;110
0.01;20;21;0.00;0.00;20;20;0.72;-0.24;-0.65;0.00;110;110
0.01;20;21;0.00;0.00;20;20;0.72;-0.24;-0.65;0.00;110;110
0.02;20;21;0.00;0.00;20;20;0.72;-0.24;-0.65;0.00;110;110
0.01;20;21;0.00;0.00;20;20;0.72;-0.24;-0.65;0.00;110;110
0.01;20;21;0.00;0.00;20;20;0.72;-0.24;-0.65;0.00;110;110
0.02;20;21;0.00;0.00;20;20;0.72;-0.24;-0.65;0.00;110;110
0.01;20;21;0.00;0.00;20;20;0.72;-0.24;-0.65;0.00;110;110
0.02;20;21;0.00;0.00;20;20;0.72;-0.24;-0.65;0.00;110;110
0.01;20;21;0.00;0.00;20;20;0.72;-0.24;-0.65;0.00;110;110
0.01;20;21;0.00;0.00;20;20;0.72;-0.24;-0.65;0.00;110;110
0.02;20;21;0.00;0.00;20;20;0.72;-0.24;-0.65;0.00;110;110
0.01;20;21;0.00;0.00;20;20;0.72;-0.24;-0.65;0.00;110;110
0.01;20;21;0.00;0.00;20;20;0.72;-0.24;-0.65;0.00;110;110
0.02;20;21;0.00;0.00;20;20;0.72;-0.24;-0.65;0.00;110;110
0.01;20;21;0.00;0.00;20;20;0.72;-0.24;-0.65;0.00;110;110
0.01;20;20;0.00;0.00;20;20;0.72;-0.24;-0.65;0.00;110;110
0.02;20;21;0.00;0.00;20;20;0.72;-0.24;-0.65;0.00;110;110
0.01;20;21;0.00;0.00;20;20;0.72;-0.24;-0.65;0.00;110;110
0.01;20;21;0.00;0.00;20;20;0.72;-0.24;-0.65;0.00;110;110
0.01;20;20;0.00;0.00;20;20;0.72;-0.24;-0.65;0.00;110;110
0.01;20;21;0.00;0.00;20;20;0.72;-0.24;-0.65;0.00;110;110
0.01;20;21;0.00;0.00;20;20;0.72;-0.24;-0.65;0.00;110;110
0.02;20;20;0.00;0.00;20;20;0.72;-0.24;-0.65;0.00;110;110
0.01;20;21;0.00;0.00;20;20;0.72;-0.24;-0.65;0.00;110;110
0.02;20;21;0.00;0.00;20;20;0.72;-0.24;-0.65;0.00;110;110
0.01;20;20;0.00;0.00;20;20;0.72;-0.24;-0.65;0.00;110;110
0.01;20;21;0.00;0.00;20;20;0.72;-0.24;-0.65;0.00;110;110
0.02;20;20;0.00;0.00;20;20;0.72;-0.24;-0.65;0.00;110;110
0.01;20;21;0.00;0.00;20;20;0.72;-0.24;-0.65;0.00;110;110
0.01;20;21;0.00;0.00;20;20;0.72;-0.24;-0.65;0.00;110;110
0.01;20;20;0.00;0.00;20;20;0.72;-0.24;-0.65;0.00;110;110
0.01;20;20;0.00;0.00;20;20;0.72;-0.24;-0.65;0.00;110;110
0.01;20;20;0.00;0.00;20;20;0.72;-0.24;-0.65;0.00;110;110
0.02;20;21;0.00;0.00;20;20;0.72;-0.24;-0.65;0.00;110;110
0.01;20;20;0.00;0.00;20;20;0.72;-0.24;-0.65;0.00;110;110
0.01;20;21;0.00;0.00;20;20;0.72;-0.24;-0.65;0.00;110;110
0.02;20;21;0.00;0.00;20;20;0.72;-0.24;-0.65;0.00;110;110
0.01;20;20;0.00;0.00;20;20;0.72;-0.24;-0.65;0.00;110;110
0.01;20;20;0.00;0.00;20;20;0.72;-0.24;-0.65;0.00;110;110
0.02;20;21;0.00;0.00;20;20;0.72;-0.24;-0.65;0.00;110;110
0.01;20;21;0.00;0.00;20;20;0.72;-0.24;-0.65;0.00;110;110
0.01;20;21;0.00;0.00;20;20;0.72;-0.24;-0.65;0.00;110;110
0.01;20;20;0.00;0.00;20;20;0.72;-0.24;-0.65;0.00;110;110
0.01;20;21;0.00;0.00;20;20;0.72;-0.24;-0.65;0.00;110;110
0.02;20;21;0.00;0.00;20;20;0.72;-0.24;-0.65;0.00;110;110
0.01;20;20;0.00;0.00;20;20;0.72;-0.24;-0.65;0.00;110;110
0.01;20;20;0.00;0.00;20;20;0.72;-0.24;-0.65;0.00;110;110
0.02;20;21;0.00;0.00;20;20;0.72;-0.24;-0.65;0.00;110;110
0.01;20;21;0.00;0.00;20;20;0.72;-0.24;-0.65;0.00;110;110
0.01;20;20;0.00;0.00;20;20;0.72;-0.24;-0.65;0.00;110;110
0.02;20;20;0.00;0.00;20;20;0.72;-0.24;-0.65;0.00;110;110
0.01;20;20;0.00;0.00;20;20;0.72;-0.24;-0.65;0.00;110;110
0.01;20;20;0.00;0.00;20;20;0.72;-0.24;-0.65;0.00;110;110
0.02;20;21;0.00;0.00;20;20;0.72;-0.24;-0.65;0.00;110;110
0.01;20;21;0.00;0.00;20;20;0.72;-0.24;-0.65;0.00;110;110
0.01;20;20;0.00;0.00;20;20;0.72;-0.24;-0.65;0.00;110;110
0.01;20;20;0.00;0.00;20;20;0.72;-0.24;-0.65;0.00;110;110
0.01;20;20;0.00;0.00;20;20;0.72;-0.24;-0.65;0.00;110;110
0.02;20;20;0.00;0.00;20;20;0.72;-0.24;-0.65;0.00;110;110
0.01;20;20;0.00;0.00;20;20;0.72;-0.24;-0.65;0.00;110;110
0.01;20;21;0.00;0.00;20;20;0.72;-0.24;-0.65;0.00;110;110
0.02;20;21;0.00;0.00;20;20;0.72;-0.24;-0.65;0.00;110;110
0.01;20;21;0.00;0.00;20;20;0.72;-0.24;-0.65;0.00;110;110
0.01;20;21;0.00;0.00;20;20;0.72;-0.24;-0.65;0.00;110;110
0.02;20;21;0.00;0.00;20;20;0.72;-0.24;-0.65;0.00;110;110
0.01;20;21;0.00;0.00;20;20;0.72;-0.24;-0.65;0.00;110;110
0.01;20;20;0.00;0.00;20;20;0.72;-0.24;-0.65;0.00;110;110
0.01;20;20;0.00;0.00;20;20;0.72;-0.24;-0.65;0.00;110;110
0.01;20;20;0.00;0.00;20;20;0.72;-0.24;-0.65;0.00;110;110
0.01;20;21;0.00;0.00;20;20;0.72;-0.24;-0.65;0.00;110;110
0.01;20;20;0.00;0.00;20;20;0.72;-0.24;-0.65;0.00;110;110
0.01;20;21;0.00;0.00;30;20;0.72;-0.24;-0.65;-10.00;116;126
0.01;20;20;0.00;0.00;30;20;0.72;-0.24;-0.65;-10.00;115;125
0.02;20;20;0.00;1.64;30;20;0.72;-0.24;-0.64;-10.00;115;125
0.01;20;21;0.00;1.64;30;20;0.72;-0.24;-0.64;-10.00;115;125
0.02;21;21;1.64;0.00;30;20;0.72;-0.24;-0.64;-9.00;114;122
0.01;20;21;0.00;0.00;30;20;0.72;-0.24;-0.64;-10.00;115;125
0.01;20;21;1.64;1.64;30;20;0.72;-0.24;-0.64;-10.00;115;125
0.02;19;21;1.64;1.64;30;20;0.72;-0.24;-0.64;-10.00;115;125
0.01;19;22;0.00;0.00;30;20;0.72;-0.24;-0.64;-10.00;115;125
0.01;21;21;1.64;1.64;30;20;0.72;-0.24;-0.64;-9.00;114;122
0.02;20;21;1.64;1.64;30;20;0.72;-0.24;-0.64;-10.00;115;125
0.01;21;22;1.64;1.64;30;20;0.72;-0.25;-0.64;-9.00;114;122
0.01;20;21;1.64;1.64;30;20;0.72;-0.25;-0.64;-10.00;115;125
0.02;20;22;1.64;1.64;30;20;0.72;-0.25;-0.64;-9.00;114;122
0.01;21;22;3.27;1.64;30;20;0.72;-0.25;-0.65;-9.00;115;123
0.02;20;22;1.64;3.27;30;20;0.72;-0.25;-0.64;-9.00;115;123
0.01;21;23;3.27;1.64;30;20;0.72;-0.25;-0.65;-8.00;113;121
0.01;21;23;1.64;1.64;30;20;0.72;-0.25;-0.65;-8.00;114;122
0.02;21;23;1.64;1.64;30;20;0.73;-0.25;-0.65;-8.00;114;122
0.01;21;23;3.27;3.27;30;20;0.73;-0.25;-0.65;-8.00;114;122
0.01;21;24;3.27;3.27;30;20;0.73;-0.25;-0.65;-8.00;114;122
0.02;22;25;3.27;1.64;30;20;0.73;-0.25;-0.66;-7.00;113;119
0.01;22;25;3.27;3.27;30;20;0.73;-0.25;-0.66;-7.00;114;120
0.01;23;26;3.27;3.27;30;20;0.73;-0.25;-0.66;-6.00;112;118
0.02;23;25;3.27;3.27;30;20;0.73;-0.25;-0.66;-6.00;113;119
0.01;23;26;3.27;3.27;30;20;0.73;-0.26;-0.66;-6.00;113;119
0.02;24;25;4.91;3.27;30;20;0.74;-0.26;-0.67;-6.00;113;119
0.01;24;26;3.27;3.27;30;20;0.74;-0.26;-0.67;-5.00;112;116
0.01;24;25;3.27;4.91;30;20;0.74;-0.26;-0.66;-6.00;113;119
0.02;25;25;4.91;3.27;30;20;0.74;-0.26;-0.67;-5.00;112;116
0.01;25;26;3.27;3.27;30;20;0.74;-0.26;-0.67;-5.00;113;117
0.01;25;26;3.27;3.27;30;20;0.74;-0.26;-0.67;-5.00;113;117
0.02;26;27;4.91;3.27;30;20;0.74;-0.26;-0.68;-4.00;111;115
0.01;26;28;3.27;3.27;30;20;0.75;-0.27;-0.68;-3.00;111;113
0.01;26;27;4.91;3.27;30;20;0.75;-0.27;-0.69;-4.00;112;116
0.02;27;27;4.91;3.27;30;20;0.75;-0.27;-0.69;-3.00;111;113
0.01;25;28;3.27;3.27;30;20;0.75;-0.27;-0.69;-4.00;112;116
0.01;28;28;4.91;3.27;30;20;0.75;-0.27;-0.70;-2.00;110;112
0.02;27;28;4.91;4.91;30;20;0.75;-0.27;-0.70;-3.00;112;114
0.01;28;28;3.27;3.27;30;20;0.75;-0.27;-0.70;-2.00;110;112
0.02;29;29;4.91;3.27;30;20;0.76;-0.27;-0.71;-1.00;110;110
0.01;29;30;4.91;3.27;30;20;0.76;-0.28;-0.72;-1.00;111;111
0.01;30;30;4.91;4.91;30;20;0.76;-0.28;-0.72;0.00;110;110
0.02;31;31;3.27;3.27;30;20;0.76;-0.28;-0.72;1.00;111;111
0.01;31;32;4.91;3.27;30;20;0.76;-0.28;-0.73;1.00;111;111
0.01;32;32;1.64;1.64;30;20;0.76;-0.28;-0.73;2.00;111;113
0.02;32;32;3.27;0.00;30;20;0.76;-0.28;-0.74;2.00;111;113
0.01;34;32;1.64;1.64;30;20;0.76;-0.28;-0.74;3.00;112;114
0.01;36;32;1.64;0.00;30;20;0.76;-0.28;-0.75;4.00;112;116
0.02;37;33;0.00;0.00;30;20;0.76;-0.28;-0.75;5.00;113;117
0.01;42;32;0.00;0.00;30;20;0.76;-0.28;-0.75;7.00;114;120
0.01;41;32;0.00;0.00;30;20;0.76;-0.28;-0.75;6.00;112;118
0.02;41;33;0.00;0.00;30;20;0.76;-0.28;-0.75;7.00;114;120
0.01;40;33;1.64;0.00;30;20;0.76;-0.28;-0.76;6.00;112;118
0.02;41;33;0.00;0.00;30;20;0.76;-0.28;-0.76;7.00;114;120
0.01;42;32;0.00;1.64;30;20;0.76;-0.28;-0.75;7.00;114;120
0.01;35;32;1.64;0.00;30;20;0.76;-0.28;-0.76;3.00;111;113
0.02;35;33;0.00;0.00;30;20;0.76;-0.28;-0.76;4.00;112;116
0.01;35;32;1.64;1.64;30;20;0.77;-0.28;-0.76;3.00;111;113
0.01;34;32;1.64;1.64;30;20;0.77;-0.28;-0.76;3.00;112;114
0.02;34;33;1.64;0.00;30;20;0.77;-0.28;-0.77;3.00;112;114
0.01;33;32;1.64;1.64;30;20;0.77;-0.28;-0.77;2.00;110;112
0.01;32;32;1.64;0.00;30;20;0.77;-0.28;-0.78;2.00;111;113
0.02;32;32;1.64;1.64;30;20;0.77;-0.28;-0.78;2.00;111;113
0.01;32;32;1.64;1.64;30;20;0.77;-0.29;-0.78;2.00;111;113
0.01;31;31;3.27;1.64;30;20;0.77;-0.29;-0.78;1.00;110;110
0.01;31;31;1.64;0.00;30;20;0.77;-0.29;-0.79;1.00;111;111
0.01;30;32;1.64;1.64;30;20;0.77;-0.29;-0.79;1.00;111;111
0.01;30;31;3.27;1.64;30;20;0.77;-0.29;-0.80;0.00;110;110
0.01;30;31;1.64;1.64;30;20;0.77;-0.29;-0.80;0.00;110;110
0.01;30;32;1.64;1.64;30;20;0.77;-0.29;-0.80;1.00;111;111
0.02;30;29;3.27;0.00;30;20;0.77;-0.29;-0.82;-1.00;111;111
0.01;29;30;1.64;1.64;30;20;0.77;-0.29;-0.82;-1.00;111;111
0.01;29;29;1.64;0.00;30;20;0.77;-0.29;-0.82;-1.00;111;111
0.02;28;28;0.00;0.00;30;20;0.77;-0.29;-0.82;-2.00;111;113
0.01;29;29;0.00;0.00;30;20;0.77;-0.29;-0.82;-1.00;110;110
0.01;29;28;0.00;1.64;30;20;0.77;-0.29;-0.82;-2.00;111;113
0.02;29;28;0.00;0.00;30;20;0.77;-0.29;-0.82;-2.00;111;113
0.01;29;28;1.64;0.00;30;20;0.77;-0.29;-0.82;-2.00;111;113
0.01;30;29;0.00;1.64;30;20;0.77;-0.29;-0.82;-1.00;110;110
0.02;29;28;1.64;0.00;30;20;0.77;-0.29;-0.82;-2.00;111;113
0.01;30;28;1.64;1.64;30;20;0.78;-0.29;-0.82;-1.00;110;110
0.02;30;29;1.64;0.00;30;20;0.78;-0.29;-0.83;-1.00;111;111
0.01;29;28;1.64;0.00;30;20;0.78;-0.29;-0.84;-2.00;111;113
0.01;30;28;1.64;1.64;30;20;0.78;-0.29;-0.84;-1.00;110;110
0.02;31;29;1.64;0.00;30;20;0.78;-0.29;-0.85;0.00;110;110
0.01;30;29;1.64;0.00;30;20;0.78;-0.29;-0.86;-1.00;111;111
0.01;31;29;1.64;1.64;30;20;0.78;-0.29;-0.86;0.00;110;110
0.02;31;31;1.64;0.00;30;20;0.78;-0.30;-0.87;1.00;111;111
0.01;31;31;1.64;0.00;30;20;0.78;-0.30;-0.87;1.00;111;111
0.01;31;31;1.64;0.00;30;20;0.78;-0.30;-0.88;1.00;111;111
0.01;31;31;0.00;1.64;30;20;0.78;-0.30;-0.87;1.00;111;111
0.01;31;31;0.00;0.00;30;20;0.78;-0.30;-0.87;1.00;111;111
0.01;31;32;0.00;1.64;30;20;0.78;-0.30;-0.87;1.00;111;111
0.01;31;31;0.00;0.00;30;20;0.78;-0.30;-0.87;1.00;111;111
0.01;31;31;0.00;1.64;30;20;0.78;-0.30;-0.86;1.00;111;111
0.01;31;32;0.00;1.64;30;20;0.78;-0.30;-0.85;1.00;111;111
0.02;32;31;1.64;0.00;30;20;0.78;-0.30;-0.86;1.00;111;111
0.01;30;32;0.00;1.64;30;20;0.78;-0.30;-0.85;1.00;111;111
0.02;30;32;1.64;1.64;30;20;0.78;-0.30;-0.85;1.00;111;111
0.01;31;31;0.00;0.00;30;20;0.78;-0.30;-0.85;1.00;111;111
0.01;31;32;1.64;1.64;30;20;0.78;-0.30;-0.85;1.00;111;111
0.01;30;31;1.64;1.64;30;20;0.78;-0.30;-0.85;0.00;110;110
0.01;30;31;1.64;1.64;30;20;0.78;-0.30;-0.85;0.00;110;110
0.01;29;31;0.00;0.00;30;20;0.78;-0.30;-0.85;0.00;110;110
0.01;29;30;1.64;1.64;30;20;0.78;-0.30;-0.85;-1.00;111;111
0.01;29;31;0.00;0.00;30;20;0.78;-0.30;-0.85;0.00;110;110
0.01;30;31;0.00;0.00;30;20;0.78;-0.30;-0.85;0.00;110;110
0.02;29;31;0.00;0.00;30;20;0.78;-0.30;-0.85;0.00;110;110
0.01;29;31;1.64;1.64;30;20;0.78;-0.30;-0.85;0.00;110;110
0.01;29;31;0.00;0.00;30;20;0.78;-0.30;-0.85;0.00;110;110
0.02;29;31;0.00;0.00;30;20;0.78;-0.30;-0.85;0.00;110;110
0.01;29;31;0.00;0.00;30;20;0.78;-0.30;-0.85;0.00;110;110
0.01;29;31;0.00;0.00;30;20;0.78;-0.30;-0.85;0.00;110;110
0.01;29;31;0.00;0.00;30;20;0.78;-0.30;-0.85;0.00;110;110
0.01;29;31;0.00;0.00;30;20;0.78;-0.30;-0.85;0.00;110;110
0.02;29;31;0.00;0.00;30;20;0.78;-0.30;-0.85;0.00;110;110
0.01;29;31;0.00;0.00;30;20;0.78;-0.30;-0.85;0.00;110;110
0.01;29;30;0.00;0.00;30;20;0.78;-0.30;-0.85;-1.00;111;111
0.02;29;31;0.00;0.00;30;20;0.78;-0.30;-0.85;0.00;110;110
0.01;29;31;0.00;0.00;30;20;0.78;-0.30;-0.85;0.00;110;110
0.01;29;31;0.00;0.00;30;20;0.78;-0.30;-0.85;0.00;110;110
0.01;29;31;0.00;0.00;30;20;0.78;-0.30;-0.85;0.00;110;110
0.01;29;31;0.00;0.00;30;20;0.78;-0.30;-0.85;0.00;110;110
0.01;29;31;0.00;0.00;30;20;0.78;-0.30;-0.85;0.00;110;110
0.02;29;31;0.00;0.00;30;20;0.78;-0.30;-0.85;0.00;110;110
0.01;30;30;0.00;0.00;30;20;0.78;-0.30;-0.85;0.00;110;110
0.01;30;30;0.00;0.00;30;20;0.78;-0.30;-0.85;0.00;110;110
0.02;30;30;0.00;0.00;30;20;0.78;-0.30;-0.85;0.00;110;110
0.01;30;31;0.00;0.00;30;20;0.78;-0.30;-0.85;0.00;110;110
0.01;29;31;0.00;0.00;30;20;0.78;-0.30;-0.85;0.00;110;110
0.02;29;31;0.00;0.00;30;20;0.78;-0.30;-0.85;0.00;110;110
0.01;30;30;0.00;0.00;30;20;0.78;-0.30;-0.85;0.00;110;110
0.01;29;31;0.00;0.00;30;20;0.78;-0.30;-0.85;0.00;110;110
0.01;29;31;0.00;0.00;30;20;0.78;-0.30;-0.85;0.00;110;110
0.01;29;31;0.00;0.00;30;20;0.78;-0.30;-0.85;0.00;110;110
0.01;29;31;0.00;0.00;30;20;0.78;-0.30;-0.85;0.00;110;110
0.01;29;31;0.00;0.00;30;20;0.78;-0.30;-0.85;0.00;110;110
0.01;29;31;0.00;0.00;30;20;0.78;-0.30;-0.85;0.00;110;110
0.02;29;31;0.00;0.00;30;20;0.78;-0.30;-0.85;0.00;110;110
0.01;29;31;0.00;0.00;30;20;0.78;-0.30;-0.85;0.00;110;110
0.01;29;31;0.00;0.00;30;20;0.78;-0.30;-0.85;0.00;110;110
0.02;29;31;0.00;0.00;30;20;0.78;-0.30;-0.85;0.00;110;110
0.01;30;30;0.00;0.00;30;20;0.78;-0.30;-0.85;0.00;110;110
0.01;29;31;0.00;0.00;30;20;0.78;-0.30;-0.85;0.00;110;110
0.02;29;31;0.00;0.00;30;20;0.78;-0.30;-0.85;0.00;110;110
0.01;29;31;0.00;0.00;30;20;0.78;-0.30;-0.85;0.00;110;110
0.01;29;31;0.00;0.00;30;20;0.78;-0.30;-0.85;0.00;110;110
0.02;29;31;0.00;0.00;30;20;0.78;-0.30;-0.85;0.00;110;110
0.01;29;31;0.00;0.00;30;20;0.78;-0.30;-0.85;0.00;110;110
0.02;30;30;0.00;0.00;30;20;0.78;-0.30;-0.85;0.00;110;110
0.01;30;30;0.00;0.00;30;20;0.78;-0.30;-0.85;0.00;110;110
0.01;30;31;0.00;0.00;30;20;0.78;-0.30;-0.85;0.00;110;110
0.02;29;31;0.00;0.00;30;20;0.78;-0.30;-0.85;0.00;110;110
0.01;29;31;0.00;0.00;30;20;0.78;-0.30;-0.85;0.00;110;110
0.01;29;31;0.00;0.00;30;20;0.78;-0.30;-0.85;0.00;110;110
0.02;29;31;0.00;0.00;30;20;0.78;-0.30;-0.85;0.00;110;110
0.01;29;31;0.00;0.00;30;20;0.78;-0.30;-0.85;0.00;110;110
0.01;29;30;0.00;0.00;30;20;0.78;-0.30;-0.85;-1.00;111;111
0.02;29;31;0.00;0.00;30;20;0.78;-0.30;-0.85;0.00;110;110
0.01;29;31;0.00;0.00;30;20;0.78;-0.30;-0.85;0.00;110;110
0.01;29;31;0.00;0.00;30;20;0.78;-0.30;-0.85;0.00;110;110
0.02;30;30;0.00;0.00;30;20;0.78;-0.30;-0.85;0.00;110;110
0.01;29;31;0.00;0.00;30;20;0.78;-0.30;-0.85;0.00;110;110
0.02;30;30;0.00;0.00;30;20;0.78;-0.30;-0.85;0.00;110;110
0.01;30;30;0.00;0.00;30;20;0.78;-0.30;-0.85;0.00;110;110
0.01;29;31;0.00;0.00;30;20;0.78;-0.30;-0.85;0.00;110;110
0.01;29;31;0.00;0.00;30;20;0.78;-0.30;-0.85;0.00;110;110
0.01;29;31;0.00;0.00;30;20;0.78;-0.30;-0.85;0.00;110;110
0.01;29;31;0.00;0.00;30;20;0.78;-0.30;-0.85;0.00;110;110
0.01;30;30;0.00;0.00;30;20;0.78;-0.30;-0.85;0.00;110;110
0.01;30;31;0.00;0.00;30;20;0.78;-0.30;-0.85;0.00;110;110
0.01;29;31;0.00;0.00;30;20;0.78;-0.30;-0.85;0.00;110;110
0.02;29;31;0.00;0.00;30;20;0.78;-0.30;-0.85;0.00;110;110
0.01;30;30;0.00;0.00;30;20;0.78;-0.30;-0.85;0.00;110;110
0.01;30;30;0.00;0.00;30;20;0.78;-0.30;-0.85;0.00;110;110
0.02;29;31;0.00;0.00;30;20;0.78;-0.30;-0.85;0.00;110;110
0.01;30;31;0.00;0.00;30;20;0.78;-0.30;-0.85;0.00;110;110
0.01;30;30;0.00;0.00;30;20;0.78;-0.30;-0.85;0.00;110;110
0.02;30;30;0.00;0.00;30;20;0.78;-0.30;-0.85;0.00;110;110
0.01;30;30;0.00;0.00;30;20;0.78;-0.30;-0.85;0.00;110;110
0.01;29;31;0.00;0.00;30;20;0.78;-0.30;-0.85;0.00;110;110
0.01;29;31;0.00;0.00;30;20;0.78;-0.30;-0.85;0.00;110;110
0.01;30;31;0.00;0.00;30;20;0.78;-0.30;-0.85;0.00;110;110
0.02;29;31;0.00;0.00;30;20;0.78;-0.30;-0.85;0.00;110;110
0.01;29;31;0.00;0.00;30;20;0.78;-0.30;-0.85;0.00;110;110
0.01;29;31;0.00;0.00;30;20;0.78;-0.30;-0.85;0.00;110;110
0.02;30;30;0.00;0.00;30;20;0.78;-0.30;-0.85;0.00;110;110
0.01;30;30;0.00;0.00;30;20;0.78;-0.30;-0.85;0.00;110;110
0.01;30;30;0.00;0.00;30;20;0.78;-0.30;-0.85;0.00;110;110
0.02;29;31;0.00;0.00;30;20;0.78;-0.30;-0.85;0.00;110;110
0.01;29;31;0.00;0.00;30;20;0.78;-0.30;-0.85;0.00;110;110
0.01;30;30;0.00;0.00;30;20;0.78;-0.30;-0.85;0.00;110;110
0.02;30;31;0.00;0.00;30;20;0.78;-0.30;-0.85;0.00;110;110
0.01;29;31;0.00;0.00;30;20;0.78;-0.30;-0.85;0.00;110;110
0.01;29;31;0.00;0.00;30;20;0.78;-0.30;-0.85;0.00;110;110
0.01;29;31;0.00;0.00;30;20;0.78;-0.30;-0.85;0.00;110;110
0.01;29;31;0.00;0.00;30;20;0.78;-0.30;-0.85;0.00;110;110
0.02;30;30;0.00;0.00;30;20;0.78;-0.30;-0.85;0.00;110;110
0.01;29;31;0.00;0.00;30;20;0.78;-0.30;-0.85;0.00;110;110
0.01;30;30;0.00;0.00;30;20;0.78;-0.30;-0.85;0.00;110;110
0.02;30;30;0.00;0.00;30;20;0.78;-0.30;-0.85;0.00;110;110
0.01;30;30;0.00;0.00;30;20;0.78;-0.30;-0.85;0.00;110;110
0.01;30;30;0.00;0.00;30;20;0.78;-0.30;-0.85;0.00;110;110
0.02;30;31;0.00;0.00;30;20;0.78;-0.30;-0.85;0.00;110;110
0.01;30;31;0.00;0.00;30;20;0.78;-0.30;-0.85;0.00;110;110
0.01;30;30;0.00;0.00;30;20;0.78;-0.30;-0.85;0.00;110;110
0.01;30;31;0.00;0.00;30;20;0.78;-0.30;-0.85;0.00;110;110
0.01;29;31;0.00;0.00;30;20;0.78;-0.30;-0.85;0.00;110;110
0.01;30;31;0.00;0.00;30;20;0.78;-0.30;-0.85;0.00;110;110
0.02;30;30;0.00;0.00;30;20;0.78;-0.30;-0.85;0.00;110;110
0.01;29;31;0.00;0.00;30;20;0.78;-0.30;-0.85;0.00;110;110
0.01;30;30;0.00;0.00;30;20;0.78;-0.30;-0.85;0.00;110;110
0.02;29;31;0.00;0.00;30;20;0.78;-0.30;-0.85;0.00;110;110
0.01;30;30;0.00;0.00;30;20;0.78;-0.30;-0.85;0.00;110;110
0.02;29;31;0.00;0.00;30;20;0.78;-0.30;-0.85;0.00;110;110
0.01;30;30;0.00;0.00;30;20;0.78;-0.30;-0.85;0.00;110;110
0.01;30;30;0.00;0.00;30;20;0.78;-0.30;-0.85;0.00;110;110
0.01;30;30;0.00;0.00;30;20;0.78;-0.30;-0.85;0.00;110;110
0.01;30;30;0.00;0.00;30;20;0.78;-0.30;-0.85;0.00;110;110
0.01;29;32;0.00;0.00;30;20;0.78;-0.30;-0.85;0.00;110;110
0.02;29;30;0.00;0.00;30;20;0.78;-0.30;-0.85;-1.00;111;111
0.01;29;30;0.00;0.00;30;20;0.78;-0.30;-0.85;-1.00;111;111
0.01;29;30;0.00;0.00;30;20;0.78;-0.30;-0.85;-1.00;111;111
0.02;29;31;1.64;1.64;30;20;0.78;-0.30;-0.85;0.00;110;110
0.01;30;31;0.00;0.00;30;20;0.78;-0.30;-0.85;0.00;110;110
0.01;29;30;0.00;0.00;30;20;0.78;-0.30;-0.85;-1.00;111;111
0.02;29;31;0.00;0.00;30;20;0.78;-0.30;-0.85;0.00;110;110
0.01;30;30;0.00;0.00;30;20;0.78;-0.30;-0.85;0.00;110;110
0.01;30;31;0.00;0.00;30;20;0.78;-0.30;-0.85;0.00;110;110
0.01;30;31;0.00;0.00;30;20;0.78;-0.30;-0.85;0.00;110;110
0.01;29;31;0.00;0.00;30;20;0.78;-0.30;-0.85;0.00;110;110
0.02;29;30;0.00;0.00;30;20;0.78;-0.30;-0.85;-1.00;111;111
0.01;29;31;0.00;0.00;30;20;0.78;-0.30;-0.85;0.00;110;110
0.01;30;31;0.00;0.00;30;20;0.78;-0.30;-0.85;0.00;110;110
0.02;30;31;0.00;0.00;30;20;0.78;-0.30;-0.85;0.00;110;110
0.01;29;31;0.00;0.00;30;20;0.78;-0.30;-0.85;0.00;110;110
0.01;29;31;0.00;0.00;30;20;0.78;-0.30;-0.85;0.00;110;110
0.02;30;30;0.00;0.00;30;20;0.78;-0.30;-0.85;0.00;110;110
0.01;29;31;0.00;0.00;30;20;0.78;-0.30;-0.85;0.00;110;110
0.01;30;31;0.00;0.00;30;20;0.78;-0.30;-0.85;0.00;110;110
0.01;30;31;0.00;0.00;30;20;0.78;-0.30;-0.85;0.00;110;110
0.01;29;30;0.00;0.00;30;20;0.78;-0.30;-0.85;-1.00;111;111
0.01;29;31;0.00;0.00;30;20;0.78;-0.30;-0.85;0.00;110;110
0.02;29;31;0.00;0.00;30;20;0.78;-0.30;-0.85;0.00;110;110
0.01;29;31;0.00;0.00;30;20;0.78;-0.30;-0.85;0.00;110;110
0.02;30;31;0.00;0.00;30;20;0.78;-0.30;-0.85;0.00;110;110
0.01;30;30;0.00;0.00;30;20;0.78;-0.30;-0.85;0.00;110;110
0.01;29;31;0.00;0.00;30;20;0.78;-0.30;-0.85;0.00;110;110
0.01;29;31;0.00;0.00;30;20;0.78;-0.30;-0.85;0.00;110;110
0.01;30;31;0.00;0.00;30;20;0.78;-0.30;-0.85;0.00;110;110
0.01;30;31;0.00;0.00;30;20;0.78;-0.30;-0.85;0.00;110;110
0.02;30;31;0.00;0.00;30;20;0.78;-0.30;-0.85;0.00;110;110
0.01;30;31;0.00;0.00;30;20;0.78;-0.30;-0.85;0.00;110;110
0.01;30;31;0.00;0.00;30;20;0.78;-0.30;-0.85;0.00;110;110
0.02;29;31;0.00;0.00;30;20;0.78;-0.30;-0.85;0.00;110;110
0.01;29;31;0.00;0.00;30;20;0.78;-0.30;-0.85;0.00;110;110
0.01;29;31;0.00;0.00;30;20;0.78;-0.30;-0.85;0.00;110;110
0.02;30;30;0.00;0.00;30;20;0.78;-0.30;-0.85;0.00;110;110
0.01;30;30;0.00;0.00;30;20;0.78;-0.30;-0.85;0.00;110;110
0.01;30;30;0.00;0.00;30;20;0.78;-0.30;-0.85;0.00;110;110
0.02;30;31;0.00;0.00;30;20;0.78;-0.30;-0.85;0.00;110;110
0.01;29;31;0.00;0.00;30;20;0.78;-0.30;-0.85;0.00;110;110
0.02;30;30;0.00;0.00;30;20;0.78;-0.30;-0.85;0.00;110;110
0.01;29;31;0.00;0.00;30;20;0.78;-0.30;-0.85;0.00;110;110
0.01;29;31;0.00;0.00;30;20;0.78;-0.30;-0.85;0.00;110;110
0.02;29;31;0.00;0.00;30;20;0.78;-0.30;-0.85;0.00;110;110
0.01;29;31;0.00;0.00;30;20;0.78;-0.30;-0.85;0.00;110;110
0.01;29;31;0.00;0.00;30;20;0.78;-0.30;-0.85;0.00;110;110
0.02;30;30;0.00;0.00;30;20;0.78;-0.30;-0.85;0.00;110;110
0.01;29;31;0.00;0.00;30;20;0.78;-0.30;-0.85;0.00;110;110
0.01;30;31;0.00;0.00;30;20;0.78;-0.30;-0.85;0.00;110;110
0.02;29;30;0.00;0.00;30;20;0.78;-0.30;-0.85;-1.00;111;111
0.01;29;31;0.00;0.00;30;20;0.78;-0.30;-0.85;0.00;110;110
0.01;30;31;0.00;0.00;30;20;0.78;-0.30;-0.85;0.00;110;110
0.02;30;31;0.00;0.00;30;20;0.78;-0.30;-0.85;0.00;110;110
0.01;30;30;0.00;0.00;30;20;0.78;-0.30;-0.85;0.00;110;110
0.02;29;31;0.00;0.00;30;20;0.78;-0.30;-0.85;0.00;110;110
0.01;29;30;0.00;0.00;30;20;0.78;-0.30;-0.85;-1.00;111;111
0.01;29;31;0.00;0.00;30;20;0.78;-0.30;-0.85;0.00;110;110
0.01;30;30;0.00;0.00;30;20;0.78;-0.30;-0.85;0.00;110;110
0.01;29;31;0.00;0.00;30;20;0.78;-0.30;-0.85;0.00;110;110
0.01;30;31;0.00;0.00;30;20;0.78;-0.30;-0.85;0.00;110;110
0.02;29;31;0.00;0.00;30;20;0.78;-0.30;-0.85;0.00;110;110
0.01;29;31;0.00;0.00;30;20;0.78;-0.30;-0.85;0.00;110;110
0.01;30;30;0.00;0.00;30;20;0.78;-0.30;-0.85;0.00;110;110
0.02;30;31;0.00;0.00;30;20;0.78;-0.30;-0.85;0.00;110;110
0.01;30;30;0.00;0.00;30;20;0.78;-0.30;-0.85;0.00;110;110
0.01;30;31;0.00;0.00;30;20;0.78;-0.30;-0.85;0.00;110;110
0.02;30;31;0.00;0.00;30;20;0.78;-0.30;-0.85;0.00;110;110
0.01;29;31;0.00;0.00;30;20;0.78;-0.30;-0.85;0.00;110;110
0.01;29;31;0.00;0.00;30;20;0.78;-0.30;-0.85;0.00;110;110
0.02;30;31;0.00;0.00;30;20;0.78;-0.30;-0.85;0.00;110;110
0.01;30;31;0.00;0.00;30;20;0.78;-0.30;-0.85;0.00;110;110
0.02;29;31;0.00;0.00;30;20;0.78;-0.30;-0.85;0.00;110;110
0.01;29;31;0.00;0.00;30;20;0.78;-0.30;-0.85;0.00;110;110
0.01;29;31;0.00;0.00;30;20;0.78;-0.30;-0.85;0.00;110;110
0.02;29;31;0.00;0.00;30;20;0.78;-0.30;-0.85;0.00;110;110
0.01;29;32;0.00;0.00;30;20;0.78;-0.30;-0.85;0.00;110;110
0.01;29;31;0.00;0.00;30;20;0.78;-0.30;-0.85;0.00;110;110
0.02;30;30;0.00;0.00;30;20;0.78;-0.30;-0.85;0.00;110;110
0.01;30;31;0.00;0.00;30;20;0.78;-0.30;-0.85;0.00;110;110
0.01;30;30;0.00;0.00;30;20;0.78;-0.30;-0.85;0.00;110;110
0.02;29;31;0.00;0.00;30;20;0.78;-0.30;-0.85;0.00;110;110
0.01;30;30;0.00;0.00;30;20;0.78;-0.30;-0.85;0.00;110;110
0.01;29;31;0.00;0.00;30;20;0.78;-0.30;-0.85;0.00;110;110
0.01;30;31;0.00;0.00;30;20;0.78;-0.30;-0.85;0.00;110;110
0.01;29;30;0.00;0.00;30;20;0.78;-0.30;-0.85;-1.00;111;111
0.01;29;31;0.00;0.00;30;20;0.78;-0.30;-0.85;0.00;110;110
0.02;29;31;0.00;0.00;30;20;0.78;-0.30;-0.85;0.00;110;110
0.01;30;30;0.00;0.00;30;20;0.78;-0.30;-0.85;0.00;110;110
0.02;29;31;0.00;0.00;30;20;0.78;-0.30;-0.85;0.00;110;110
0.01;30;31;0.00;0.00;30;20;0.78;-0.30;-0.85;0.00;110;110
0.01;30;31;0.00;0.00;30;20;0.78;-0.30;-0.85;0.00;110;110
0.01;30;30;0.00;0.00;30;20;0.78;-0.30;-0.85;0.00;110;110
0.01;30;31;0.00;0.00;30;20;0.78;-0.30;-0.85;0.00;110;110
0.01;29;31;0.00;0.00;30;20;0.78;-0.30;-0.85;0.00;110;110
0.02;30;31;0.00;0.00;30;20;0.78;-0.30;-0.85;0.00;110;110
0.01;30;31;0.00;0.00;30;20;0.78;-0.30;-0.85;0.00;110;110
0.01;29;31;0.00;0.00;30;20;0.78;-0.30;-0.85;0.00;110;110
0.02;30;31;0.00;0.00;30;20;0.78;-0.30;-0.85;0.00;110;110
0.01;29;31;0.00;0.00;30;20;0.78;-0.30;-0.85;0.00;110;110
0.01;29;31;0.00;0.00;30;20;0.78;-0.30;-0.85;0.00;110;110
0.02;30;31;0.00;0.00;30;20;0.78;-0.30;-0.85;0.00;110;110
0.01;30;31;0.00;0.00;30;20;0.78;-0.30;-0.85;0.00;110;110
0.01;30;31;0.00;0.00;30;20;0.78;-0.30;-0.85;0.00;110;110
0.02;30;30;0.00;0.00;30;20;0.78;-0.30;-0.85;0.00;110;110
0.01;29;31;0.00;0.00;30;20;0.78;-0.30;-0.85;0.00;110;110
0.02;30;31;0.00;0.00;30;20;0.78;-0.30;-0.85;0.00;110;110
0.01;30;31;0.00;0.00;30;20;0.78;-0.30;-0.85;0.00;110;110
0.01;30;31;0.00;0.00;30;20;0.78;-0.30;-0.85;0.00;110;110
0.02;30;31;0.00;0.00;30;20;0.78;-0.30;-0.85;0.00;110;110
0.01;30;31;0.00;0.00;30;20;0.78;-0.30;-0.85;0.00;110;110
0.01;29;31;0.00;0.00;30;20;0.78;-0.30;-0.85;0.00;110;110
0.02;30;31;0.00;0.00;30;20;0.78;-0.30;-0.85;0.00;110;110
0.01;29;31;0.00;0.00;30;20;0.78;-0.30;-0.85;0.00;110;110
0.01;29;31;0.00;0.00;30;20;0.78;-0.30;-0.85;0.00;110;110
0.02;30;30;0.00;0.00;30;20;0.78;-0.30;-0.85;0.00;110;110
0.01;30;30;0.00;0.00;30;20;0.78;-0.30;-0.85;0.00;110;110
0.01;29;31;0.00;0.00;30;20;0.78;-0.30;-0.85;0.00;110;110
0.01;29;31;0.00;0.00;30;20;0.78;-0.30;-0.85;0.00;110;110
0.01;30;31;0.00;0.00;30;20;0.78;-0.30;-0.85;0.00;110;110
0.01;30;31;0.00;0.00;30;20;0.78;-0.30;-0.85;0.00;110;110
0.01;30;31;0.00;0.00;30;20;0.78;-0.30;-0.85;0.00;110;110
0.01;30;31;0.00;0.00;30;20;0.78;-0.30;-0.85;0.00;110;110
0.02;29;31;0.00;0.00;30;20;0.78;-0.30;-0.85;0.00;110;110
0.01;30;31;0.00;0.00;30;20;0.78;-0.30;-0.85;0.00;110;110
0.01;30;31;0.00;0.00;30;20;0.78;-0.30;-0.85;0.00;110;110
0.02;30;31;0.00;0.00;30;20;0.78;-0.30;-0.85;0.00;110;110
0.01;29;30;0.00;0.00;30;20;0.78;-0.30;-0.85;-1.00;111;111
0.01;30;30;0.00;0.00;30;20;0.78;-0.30;-0.85;0.00;110;110
0.01;29;31;0.00;0.00;30;20;0.78;-0.30;-0.85;0.00;110;110
0.01;29;30;0.00;0.00;30;20;0.78;-0.30;-0.85;-1.00;111;111
0.01;29;30;0.00;0.00;30;20;0.78;-0.30;-0.85;-1.00;111;111
0.02;29;31;0.00;0.00;30;20;0.78;-0.30;-0.85;0.00;110;110
0.01;29;30;1.64;0.00;30;20;0.78;-0.30;-0.86;-1.00;111;111
0.01;29;31;0.00;0.00;30;20;0.78;-0.30;-0.86;0.00;110;110
0.02;29;30;0.00;0.00;30;20;0.78;-0.30;-0.86;-1.00;111;111
0.01;29;30;0.00;0.00;30;20;0.78;-0.30;-0.86;-1.00;111;111
0.02;30;30;0.00;0.00;30;20;0.78;-0.30;-0.86;0.00;110;110
0.01;29;30;0.00;0.00;30;20;0.78;-0.30;-0.86;-1.00;111;111
0.01;30;30;1.64;0.00;30;20;0.78;-0.30;-0.87;0.00;110;110
0.02;29;31;0.00;0.00;30;20;0.78;-0.30;-0.87;0.00;110;110
0.01;29;31;0.00;0.00;30;20;0.78;-0.30;-0.87;0.00;110;110
0.01;30;31;0.00;0.00;30;20;0.78;-0.30;-0.87;0.00;110;110
0.02;30;31;0.00;0.00;30;20;0.78;-0.30;-0.87;0.00;110;110
0.01;30;31;0.00;0.00;30;20;0.78;-0.30;-0.87;0.00;110;110
0.01;30;31;0.00;0.00;30;20;0.78;-0.30;-0.87;0.00;110;110
0.01;30;31;0.00;0.00;30;20;0.78;-0.30;-0.87;0.00;110;110
0.01;29;31;0.00;0.00;30;20;0.78;-0.30;-0.87;0.00;110;110
0.01;29;31;0.00;0.00;30;20;0.78;-0.30;-0.87;0.00;110;110
0.02;30;31;0.00;0.00;30;20;0.78;-0.30;-0.87;0.00;110;110
0.01;29;31;0.00;0.00;30;20;0.78;-0.30;-0.87;0.00;110;110
0.01;30;31;0.00;0.00;30;20;0.78;-0.30;-0.87;0.00;110;110
0.02;30;31;0.00;0.00;30;20;0.78;-0.30;-0.87;0.00;110;110
0.01;30;31;0.00;0.00;30;20;0.78;-0.30;-0.87;0.00;110;110
0.02;30;31;0.00;0.00;30;20;0.78;-0.30;-0.87;0.00;110;110
0.01;30;31;0.00;0.00;30;20;0.78;-0.30;-0.87;0.00;110;110
0.01;30;31;0.00;0.00;30;20;0.78;-0.30;-0.87;0.00;110;110
0.01;30;31;0.00;0.00;30;20;0.78;-0.30;-0.87;0.00;110;110
0.01;30;31;0.00;0.00;30;20;0.78;-0.30;-0.87;0.00;110;110
0.01;29;31;0.00;0.00;30;20;0.78;-0.30;-0.87;0.00;110;110
0.02;30;31;0.00;0.00;30;20;0.78;-0.30;-0.87;0.00;110;110
0.01;30;31;0.00;0.00;30;20;0.78;-0.30;-0.87;0.00;110;110
0.01;30;31;0.00;0.00;30;20;0.78;-0.30;-0.87;0.00;110;110
0.02;29;31;0.00;0.00;30;20;0.78;-0.30;-0.87;0.00;110;110
0.01;29;31;0.00;0.00;30;20;0.78;-0.30;-0.87;0.00;110;110
0.01;30;31;0.00;0.00;30;20;0.78;-0.30;-0.87;0.00;110;110
0.02;30;31;0.00;0.00;30;20;0.78;-0.30;-0.87;0.00;110;110
0.01;30;31;0.00;0.00;30;20;0.78;-0.30;-0.87;0.00;110;110
0.01;30;30;0.00;0.00;30;20;0.78;-0.30;-0.87;0.00;110;110
0.02;30;31;0.00;0.00;30;20;0.78;-0.30;-0.87;0.00;110;110
0.01;30;31;0.00;0.00;30;20;0.78;-0.30;-0.87;0.00;110;110
0.02;29;30;0.00;0.00;30;20;0.78;-0.30;-0.87;-1.00;111;111
0.01;29;31;0.00;0.00;30;20;0.78;-0.30;-0.87;0.00;110;110
0.01;29;30;0.00;0.00;30;20;0.78;-0.30;-0.87;-1.00;111;111
0.02;29;31;0.00;0.00;30;20;0.78;-0.30;-0.87;0.00;110;110
0.01;29;31;0.00;0.00;30;20;0.78;-0.30;-0.87;0.00;110;110
0.01;29;31;0.00;0.00;30;20;0.78;-0.30;-0.87;0.00;110;110
0.01;29;31;0.00;0.00;30;20;0.78;-0.30;-0.87;0.00;110;110
0.01;29;31;0.00;0.00;30;20;0.78;-0.30;-0.87;0.00;110;110
0.01;29;31;0.00;0.00;30;20;0.78;-0.30;-0.87;0.00;110;110
0.02;29;30;0.00;0.00;30;20;0.78;-0.30;-0.87;-1.00;111;111
0.01;30;31;0.00;0.00;30;20;0.78;-0.30;-0.87;0.00;110;110
0.01;29;31;0.00;0.00;30;20;0.78;-0.30;-0.87;0.00;110;110
0.02;29;31;0.00;0.00;30;20;0.78;-0.30;-0.87;0.00;110;110
0.01;29;31;0.00;0.00;30;20;0.78;-0.30;-0.87;0.00;110;110
0.01;30;31;0.00;0.00;30;20;0.78;-0.30;-0.87;0.00;110;110
0.01;29;31;0.00;0.00;30;20;0.78;-0.30;-0.87;0.00;110;110
0.01;29;31;0.00;0.00;30;20;0.78;-0.30;-0.87;0.00;110;110
0.02;30;31;0.00;0.00;30;20;0.78;-0.30;-0.87;0.00;110;110
0.01;29;31;0.00;0.00;30;20;0.78;-0.30;-0.87;0.00;110;110
0.01;29;31;0.00;0.00;30;20;0.78;-0.30;-0.87;0.00;110;110
0.02;29;31;0.00;0.00;30;20;0.78;-0.30;-0.87;0.00;110;110
0.01;29;31;0.00;0.00;30;20;0.78;-0.30;-0.87;0.00;110;110
0.01;29;31;0.00;0.00;30;20;0.78;-0.30;-0.87;0.00;110;110
0.02;30;31;0.00;0.00;30;20;0.78;-0.30;-0.87;0.00;110;110
0.01;29;31;0.00;0.00;30;20;0.78;-0.30;-0.87;0.00;110;110
0.01;29;31;0.00;0.00;30;20;0.78;-0.30;-0.87;0.00;110;110
0.02;29;31;0.00;0.00;30;20;0.78;-0.30;-0.87;0.00;110;110
0.01;29;31;0.00;0.00;30;20;0.78;-0.30;-0.87;0.00;110;110
0.01;29;31;0.00;0.00;30;20;0.78;-0.30;-0.87;0.00;110;110
0.01;30;31;0.00;0.00;30;20;0.78;-0.30;-0.87;0.00;110;110
0.01;29;31;0.00;0.00;30;20;0.78;-0.30;-0.87;0.00;110;110
0.02;29;31;0.00;0.00;30;20;0.78;-0.30;-0.87;0.00;110;110
0.01;29;31;0.00;0.00;30;20;0.78;-0.30;-0.87;0.00;110;110
0.01;30;30;0.00;0.00;30;20;0.78;-0.30;-0.87;0.00;110;110
0.02;29;31;0.00;0.00;30;20;0.78;-0.30;-0.87;0.00;110;110
0.01;29;31;0.00;0.00;30;20;0.78;-0.30;-0.87;0.00;110;110
0.01;29;31;0.00;0.00;30;20;0.78;-0.30;-0.87;0.00;110;110
0.02;30;31;0.00;0.00;30;20;0.78;-0.30;-0.87;0.00;110;110
0.01;29;31;0.00;0.00;30;20;0.78;-0.30;-0.87;0.00;110;110
0.01;29;31;0.00;0.00;30;20;0.78;-0.30;-0.87;0.00;110;110
0.01;30;31;0.00;0.00;30;20;0.78;-0.30;-0.87;0.00;110;110
0.01;29;31;0.00;0.00;30;20;0.78;-0.30;-0.87;0.00;110;110
0.01;29;31;0.00;0.00;30;20;0.78;-0.30;-0.87;0.00;110;110
0.02;29;31;0.00;0.00;30;20;0.78;-0.30;-0.87;0.00;110;110
0.01;29;30;0.00;0.00;30;20;0.78;-0.30;-0.87;-1.00;111;111
0.01;30;31;0.00;0.00;30;20;0.78;-0.30;-0.87;0.00;110;110
0.02;29;30;0.00;0.00;30;20;0.78;-0.30;-0.87;-1.00;111;111
0.01;30;31;0.00;0.00;30;20;0.78;-0.30;-0.87;0.00;110;110
0.02;30;31;0.00;0.00;30;20;0.78;-0.30;-0.87;0.00;110;110
0.01;29;31;0.00;0.00;30;20;0.78;-0.30;-0.87;0.00;110;110
0.01;29;30;0.00;0.00;30;20;0.78;-0.30;-0.87;-1.00;111;111
0.02;29;31;0.00;0.00;30;20;0.78;-0.30;-0.87;0.00;110;110
0.01;29;31;0.00;0.00;30;20;0.78;-0.30;-0.87;0.00;110;110
0.01;29;31;0.00;0.00;30;20;0.78;-0.30;-0.87;0.00;110;110
0.01;29;31;0.00;0.00;30;20;0.78;-0.30;-0.87;0.00;110;110
0.01;29;31;0.00;0.00;30;20;0.78;-0.30;-0.87;0.00;110;110
0.01;30;31;0.00;0.00;30;20;0.78;-0.30;-0.87;0.00;110;110
0.01;29;31;0.00;0.00;30;20;0.78;-0.30;-0.87;0.00;110;110
0.01;29;31;0.00;0.00;30;20;0.78;-0.30;-0.87;0.00;110;110
0.01;29;31;0.00;0.00;30;20;0.78;-0.30;-0.87;0.00;110;110
0.02;29;31;0.00;0.00;30;20;0.78;-0.30;-0.87;0.00;110;110
0.01;30;31;0.00;0.00;30;20;0.78;-0.30;-0.87;0.00;110;110
0.02;29;31;0.00;0.00;30;20;0.78;-0.30;-0.87;0.00;110;110
0.01;29;30;0.00;0.00;30;20;0.78;-0.30;-0.87;-1.00;111;111
0.01;30;31;0.00;0.00;30;20;0.78;-0.30;-0.87;0.00;110;110
0.02;30;30;0.00;0.00;30;20;0.78;-0.30;-0.87;0.00;110;110
0.01;29;31;0.00;0.00;30;20;0.78;-0.30;-0.87;0.00;110;110
0.01;29;31;0.00;0.00;30;20;0.78;-0.30;-0.87;0.00;110;110
0.02;29;31;0.00;0.00;30;20;0.78;-0.30;-0.87;0.00;110;110
0.01;29;30;0.00;0.00;30;20;0.78;-0.30;-0.87;-1.00;111;111
0.01;29;31;0.00;0.00;30;20;0.78;-0.30;-0.87;0.00;110;110
0.02;29;31;0.00;0.00;30;20;0.78;-0.30;-0.87;0.00;110;110
0.01;29;30;0.00;0.00;30;20;0.78;-0.30;-0.87;-1.00;111;111
0.01;29;31;0.00;0.00;30;20;0.78;-0.30;-0.87;0.00;110;110
0.02;29;30;0.00;0.00;30;20;0.78;-0.30;-0.87;-1.00;111;111
0.01;30;30;0.00;0.00;30;20;0.78;-0.30;-0.87;0.00;110;110
0.01;29;30;0.00;0.00;30;20;0.78;-0.30;-0.87;-1.00;111;111
0.02;30;30;0.00;0.00;30;20;0.78;-0.30;-0.87;0.00;110;110
0.01;29;31;0.00;0.00;30;20;0.78;-0.30;-0.87;0.00;110;110
0.02;29;31;0.00;0.00;30;20;0.78;-0.30;-0.87;0.00;110;110
0.01;30;30;0.00;0.00;30;20;0.78;-0.30;-0.87;0.00;110;110
0.01;29;31;0.00;0.00;30;20;0.78;-0.30;-0.87;0.00;110;110
0.02;29;31;0.00;0.00;30;20;0.78;-0.30;-0.87;0.00;110;110
0.01;29;31;0.00;0.00;30;20;0.78;-0.30;-0.87;0.00;110;110
0.01;29;31;0.00;0.00;30;20;0.78;-0.30;-0.87;0.00;110;110
0.02;29;31;0.00;0.00;30;20;0.78;-0.30;-0.87;0.00;110;110
0.01;29;31;0.00;0.00;30;20;0.78;-0.30;-0.87;0.00;110;110
0.01;29;31;0.00;0.00;30;20;0.78;-0.30;-0.87;0.00;110;110
0.01;29;31;0.00;0.00;30;20;0.78;-0.30;-0.87;0.00;110;110
0.01;30;30;0.00;0.00;30;20;0.78;-0.30;-0.87;0.00;110;110
0.01;29;31;0.00;0.00;30;20;0.78;-0.30;-0.87;0.00;110;110
0.01;29;31;0.00;0.00;30;20;0.78;-0.30;-0.87;0.00;110;110
0.01;29;31;0.00;0.00;30;20;0.78;-0.30;-0.87;0.00;110;110
0.01;29;31;0.00;0.00;30;20;0.78;-0.30;-0.87;0.00;110;110
0.02;29;31;0.00;0.00;30;20;0.78;-0.30;-0.87;0.00;110;110
0.01;30;31;0.00;0.00;30;20;0.78;-0.30;-0.87;0.00;110;110
0.02;30;31;0.00;0.00;30;20;0.78;-0.30;-0.87;0.00;110;110
0.01;29;31;0.00;0.00;30;20;0.78;-0.30;-0.87;0.00;110;110
0.01;30;31;0.00;0.00;30;20;0.78;-0.30;-0.87;0.00;110;110
0.01;29;31;0.00;0.00;30;20;0.78;-0.30;-0.87;0.00;110;110
0.01;30;30;0.00;0.00;30;20;0.78;-0.30;-0.87;0.00;110;110
0.01;29;31;0.00;0.00;30;20;0.78;-0.30;-0.87;0.00;110;110
0.01;29;31;0.00;0.00;30;20;0.78;-0.30;-0.87;0.00;110;110
0.01;30;31;0.00;0.00;30;20;0.78;-0.30;-0.87;0.00;110;110
0.01;30;31;0.00;0.00;30;20;0.78;-0.30;-0.87;0.00;110;110
0.02;30;31;0.00;0.00;30;20;0.78;-0.30;-0.87;0.00;110;110
0.01;29;31;0.00;0.00;30;20;0.78;-0.30;-0.87;0.00;110;110
0.01;30;31;0.00;0.00;30;20;0.78;-0.30;-0.87;0.00;110;110
0.02;29;31;0.00;0.00;30;20;0.78;-0.30;-0.87;0.00;110;110
0.01;30;30;0.00;0.00;30;20;0.78;-0.30;-0.87;0.00;110;110
0.01;29;31;0.00;0.00;30;20;0.78;-0.30;-0.87;0.00;110;110
0.02;29;31;0.00;0.00;30;20;0.78;-0.30;-0.87;0.00;110;110
0.01;30;31;0.00;0.00;30;20;0.78;-0.30;-0.87;0.00;110;110
0.01;29;31;0.00;0.00;30;20;0.78;-0.30;-0.87;0.00;110;110
0.01;29;31;0.00;0.00;30;20;0.78;-0.30;-0.87;0.00;110;110
0.01;29;30;0.00;0.00;30;20;0.78;-0.30;-0.87;-1.00;111;111
0.02;29;31;0.00;0.00;30;20;0.78;-0.30;-0.87;0.00;110;110
0.01;29;31;0.00;0.00;30;20;0.78;-0.30;-0.87;0.00;110;110
0.01;29;31;0.00;0.00;30;20;0.78;-0.30;-0.87;0.00;110;110
0.02;29;31;0.00;0.00;30;20;0.78;-0.30;-0.87;0.00;110;110
0.01;29;31;0.00;0.00;30;20;0.78;-0.30;-0.87;0.00;110;110
0.01;29;31;0.00;0.00;30;20;0.78;-0.30;-0.87;0.00;110;110
0.02;29;31;0.00;0.00;30;20;0.78;-0.30;-0.87;0.00;110;110
0.01;29;31;0.00;0.00;30;20;0.78;-0.30;-0.87;0.00;110;110
0.01;29;31;0.00;0.00;30;20;0.78;-0.30;-0.87;0.00;110;110
0.01;29;31;0.00;0.00;30;20;0.78;-0.30;-0.87;0.00;110;110
0.01;30;31;0.00;0.00;30;20;0.78;-0.30;-0.87;0.00;110;110
0.02;29;31;0.00;0.00;30;20;0.78;-0.30;-0.87;0.00;110;110
0.01;30;31;0.00;0.00;30;20;0.78;-0.30;-0.87;0.00;110;110
0.01;29;31;0.00;0.00;30;20;0.78;-0.30;-0.87;0.00;110;110
0.02;29;31;0.00;0.00;30;20;0.78;-0.30;-0.87;0.00;110;110
0.01;29;31;0.00;0.00;30;20;0.78;-0.30;-0.87;0.00;110;110
0.01;29;31;0.00;0.00;30;20;0.78;-0.30;-0.87;0.00;110;110
0.02;29;31;0.00;0.00;30;20;0.78;-0.30;-0.87;0.00;110;110
0.01;29;30;0.00;0.00;30;20;0.78;-0.30;-0.87;-1.00;111;111
0.01;30;30;0.00;0.00;30;20;0.78;-0.30;-0.87;0.00;110;110
0.02;29;31;0.00;0.00;30;20;0.78;-0.30;-0.87;0.00;110;110
0.01;29;31;0.00;0.00;30;20;0.78;-0.30;-0.87;0.00;110;110
0.01;29;31;0.00;0.00;30;20;0.78;-0.30;-0.87;0.00;110;110
0.02;29;31;0.00;0.00;30;20;0.78;-0.30;-0.87;0.00;110;110
0.01;29;31;0.00;0.00;30;20;0.78;-0.30;-0.87;0.00;110;110
0.01;29;31;0.00;0.00;30;20;0.78;-0.30;-0.87;0.00;110;110
0.02;29;31;0.00;0.00;30;20;0.78;-0.30;-0.87;0.00;110;110
0.01;29;31;0.00;0.00;30;20;0.78;-0.30;-0.87;0.00;110;110
0.01;29;31;0.00;0.00;30;20;0.78;-0.30;-0.87;0.00;110;110
0.01;30;31;0.00;0.00;30;20;0.78;-0.30;-0.87;0.00;110;110
0.01;29;31;0.00;0.00;30;20;0.78;-0.30;-0.87;0.00;110;110
0.02;29;31;0.00;0.00;30;20;0.78;-0.30;-0.87;0.00;110;110
0.01;29;31;0.00;0.00;30;20;0.78;-0.30;-0.87;0.00;110;110
0.01;29;31;0.00;0.00;30;20;0.78;-0.30;-0.87;0.00;110;110
0.02;29;31;0.00;0.00;30;20;0.78;-0.30;-0.87;0.00;110;110
0.01;29;31;0.00;0.00;30;20;0.78;-0.30;-0.87;0.00;110;110
0.01;29;30;0.00;0.00;30;20;0.78;-0.30;-0.87;-1.00;111;111
0.02;30;30;0.00;0.00;30;20;0.78;-0.30;-0.87;0.00;110;110
0.01;29;31;0.00;0.00;30;20;0.78;-0.30;-0.87;0.00;110;110
0.01;29;32;0.00;0.00;30;20;0.78;-0.30;-0.87;0.00;110;110
0.01;29;31;0.00;0.00;30;20;0.78;-0.30;-0.87;0.00;110;110
0.01;30;32;0.00;0.00;30;20;0.78;-0.30;-0.87;1.00;111;111
0.01;29;31;0.00;0.00;30;20;0.78;-0.30;-0.87;0.00;110;110
0.02;29;31;1.64;0.00;30;20;0.78;-0.30;-0.88;0.00;110;110
0.01;30;31;0.00;0.00;30;20;0.78;-0.30;-0.88;0.00;110;110
0.02;30;32;0.00;0.00;30;20;0.78;-0.30;-0.88;1.00;111;111
0.01;30;32;0.00;0.00;30;20;0.78;-0.30;-0.88;1.00;111;111
0.01;30;31;0.00;0.00;30;20;0.78;-0.30;-0.88;0.00;110;110
0.01;30;30;0.00;1.64;30;20;0.78;-0.30;-0.87;0.00;110;110
0.01;30;32;1.64;0.00;30;20;0.78;-0.30;-0.88;1.00;111;111
0.01;30;31;0.00;0.00;30;20;0.78;-0.30;-0.88;0.00;110;110
0.01;30;31;0.00;0.00;30;20;0.78;-0.30;-0.88;0.00;110;110
0.01;30;31;0.00;0.00;30;20;0.78;-0.30;-0.88;0.00;110;110
0.01;30;31;0.00;0.00;30;20;0.78;-0.30;-0.88;0.00;110;110
0.02;30;32;0.00;0.00;30;20;0.78;-0.30;-0.88;1.00;111;111
0.01;30;32;0.00;0.00;30;20;0.78;-0.30;-0.88;1.00;111;111
0.01;30;31;0.00;1.64;30;20;0.78;-0.30;-0.87;0.00;110;110
0.02;30;32;0.00;0.00;30;20;0.78;-0.30;-0.87;1.00;111;111
0.01;29;31;1.64;0.00;30;20;0.79;-0.30;-0.88;0.00;110;110
0.01;30;32;0.00;0.00;30;20;0.79;-0.30;-0.88;1.00;111;111
0.02;29;31;0.00;0.00;30;20;0.79;-0.30;-0.88;0.00;110;110
0.01;30;31;0.00;0.00;30;20;0.79;-0.30;-0.88;0.00;110;110
0.01;30;31;0.00;0.00;30;20;0.79;-0.30;-0.88;0.00;110;110
0.01;30;31;0.00;0.00;30;20;0.79;-0.30;-0.88;0.00;110;110
0.01;30;31;0.00;0.00;30;20;0.79;-0.30;-0.88;0.00;110;110
0.02;30;31;0.00;0.00;30;20;0.79;-0.30;-0.88;0.00;110;110
0.01;30;32;0.00;0.00;30;20;0.79;-0.30;-0.88;1.00;111;111
0.01;30;31;0.00;0.00;30;20;0.79;-0.30;-0.88;0.00;110;110
0.02;29;31;0.00;0.00;30;20;0.79;-0.30;-0.88;0.00;110;110
0.01;29;31;0.00;0.00;30;20;0.79;-0.30;-0.88;0.00;110;110
0.01;29;31;0.00;0.00;30;20;0.79;-0.30;-0.88;0.00;110;110
0.02;29;32;0.00;0.00;30;20;0.79;-0.30;-0.88;0.00;110;110
0.01;29;31;0.00;0.00;30;20;0.79;-0.30;-0.88;0.00;110;110
0.01;29;31;0.00;0.00;30;20;0.79;-0.30;-0.88;0.00;110;110
0.02;29;32;0.00;0.00;30;20;0.79;-0.30;-0.88;0.00;110;110
0.01;29;31;0.00;0.00;30;20;0.79;-0.30;-0.88;0.00;110;110
0.02;29;31;0.00;0.00;30;20;0.79;-0.30;-0.88;0.00;110;110
0.01;29;32;0.00;0.00;30;20;0.79;-0.30;-0.88;0.00;110;110
0.01;29;31;0.00;0.00;30;20;0.79;-0.30;-0.88;0.00;110;110
0.02;29;31;0.00;0.00;30;20;0.79;-0.30;-0.88;0.00;110;110
0.01;29;32;0.00;0.00;30;20;0.79;-0.30;-0.88;0.00;110;110
0.01;30;31;0.00;0.00;30;20;0.79;-0.30;-0.88;0.00;110;110
0.02;29;32;0.00;0.00;30;20;0.79;-0.30;-0.88;0.00;110;110
0.01;29;31;0.00;0.00;30;20;0.79;-0.30;-0.88;0.00;110;110