0.02;39;39;0.00;0.00;30;20;-0.13;-0.42;-3.63;0.00;145;145
0.01;40;39;0.00;0.00;30;20;-0.13;-0.42;-3.63;0.00;145;145
0.01;39;39;0.00;0.00;30;20;-0.13;-0.42;-3.63;0.00;145;145
0.02;40;39;0.00;0.00;30;20;-0.13;-0.42;-3.63;0.00;145;145
0.01;39;39;0.00;0.00;30;20;-0.13;-0.42;-3.63;0.00;145;145
0.01;39;39;0.00;0.00;30;20;-0.13;-0.42;-3.63;0.00;145;145
0.02;39;39;0.00;0.00;30;20;-0.13;-0.42;-3.63;0.00;145;145
0.01;40;39;0.00;0.00;30;20;-0.13;-0.42;-3.63;0.00;145;145
0.01;39;39;0.00;0.00;30;20;-0.13;-0.42;-3.63;0.00;145;145
0.02;39;39;0.00;0.00;30;20;-0.13;-0.42;-3.63;0.00;145;145
0.01;39;39;0.00;0.00;30;20;-0.13;-0.42;-3.63;0.00;145;145
0.01;39;39;0.00;0.00;30;20;-0.13;-0.42;-3.63;0.00;145;145
0.02;39;39;0.00;0.00;30;20;-0.13;-0.42;-3.63;0.00;145;145
0.01;40;39;0.00;0.00;30;20;-0.13;-0.42;-3.63;0.00;145;145
0.02;39;39;0.00;0.00;30;20;-0.13;-0.42;-3.63;0.00;145;145
0.01;39;39;0.00;0.00;30;20;-0.13;-0.42;-3.63;0.00;145;145
0.01;40;39;0.00;0.00;30;20;-0.13;-0.42;-3.63;0.00;145;145
0.02;40;39;0.00;0.00;30;20;-0.13;-0.42;-3.63;0.00;145;145
0.01;40;39;0.00;0.00;30;20;-0.13;-0.42;-3.63;0.00;145;145
0.01;39;39;0.00;0.00;30;20;-0.13;-0.42;-3.63;0.00;145;145
0.02;39;39;0.00;0.00;30;20;-0.13;-0.42;-3.63;0.00;145;145
0.01;39;39;0.00;0.00;30;20;-0.13;-0.42;-3.63;0.00;145;145
0.01;39;39;0.00;0.00;30;20;-0.13;-0.42;-3.63;0.00;145;145
0.02;39;39;0.00;0.00;30;20;-0.13;-0.42;-3.63;0.00;145;145
0.01;39;39;0.00;0.00;30;20;-0.13;-0.42;-3.63;0.00;145;145
0.02;39;39;0.00;0.00;30;20;-0.13;-0.42;-3.63;0.00;145;145
0.01;40;39;0.00;0.00;30;20;-0.13;-0.42;-3.63;0.00;145;145
0.01;39;39;0.00;0.00;30;20;-0.13;-0.42;-3.63;0.00;145;145
0.02;39;39;0.00;0.00;30;20;-0.13;-0.42;-3.63;0.00;145;145
0.01;40;39;0.00;0.00;30;20;-0.13;-0.42;-3.63;0.00;145;145
0.01;40;39;0.00;0.00;30;20;-0.13;-0.42;-3.63;0.00;145;145
0.02;40;39;0.00;0.00;30;20;-0.13;-0.42;-3.63;0.00;145;145
0.01;40;39;0.00;0.00;30;20;-0.13;-0.42;-3.63;0.00;145;145
0.01;39;39;0.00;0.00;30;20;-0.13;-0.42;-3.63;0.00;145;145
0.02;40;39;0.00;0.00;30;20;-0.13;-0.42;-3.63;0.00;145;145
0.01;40;39;0.00;0.00;30;20;-0.13;-0.42;-3.63;0.00;145;145
0.01;40;39;0.00;0.00;30;20;-0.13;-0.42;-3.63;0.00;145;145
0.02;40;39;0.00;0.00;30;20;-0.13;-0.42;-3.63;0.00;145;145
0.01;40;39;0.00;0.00;30;20;-0.13;-0.42;-3.63;0.00;145;145
0.02;39;39;0.00;0.00;30;20;-0.13;-0.42;-3.63;0.00;145;145
0.01;39;39;0.00;0.00;30;20;-0.13;-0.42;-3.63;0.00;145;145
0.01;40;39;0.00;0.00;30;20;-0.13;-0.42;-3.63;0.00;145;145
0.02;39;39;0.00;0.00;30;20;-0.13;-0.42;-3.63;0.00;145;145
0.01;39;39;0.00;0.00;30;20;-0.13;-0.42;-3.63;0.00;145;145
0.01;39;39;0.00;0.00;30;20;-0.13;-0.42;-3.63;0.00;145;145
0.02;39;39;0.00;0.00;30;20;-0.13;-0.42;-3.63;0.00;145;145
0.01;40;39;0.00;0.00;30;20;-0.13;-0.42;-3.63;0.00;145;145
0.01;39;39;0.00;0.00;30;20;-0.13;-0.42;-3.63;0.00;145;145
0.02;39;39;0.00;0.00;30;20;-0.13;-0.42;-3.63;0.00;145;145
0.01;40;39;0.00;0.00;30;20;-0.13;-0.42;-3.63;0.00;145;145
0.01;39;39;0.00;0.00;30;20;-0.13;-0.42;-3.63;0.00;145;145
0.02;40;39;0.00;0.00;30;20;-0.13;-0.42;-3.63;0.00;145;145
0.01;39;39;0.00;0.00;30;20;-0.13;-0.42;-3.63;0.00;145;145
0.02;39;39;0.00;0.00;30;20;-0.13;-0.42;-3.63;0.00;145;145
0.01;39;39;0.00;0.00;30;20;-0.13;-0.42;-3.63;0.00;145;145
0.01;39;39;0.00;0.00;30;20;-0.13;-0.42;-3.63;0.00;145;145
0.02;40;39;0.00;0.00;30;20;-0.13;-0.42;-3.63;0.00;145;145
0.01;39;39;0.00;0.00;30;20;-0.13;-0.42;-3.63;0.00;145;145
0.01;39;39;0.00;0.00;30;20;-0.13;-0.42;-3.63;0.00;145;145
0.02;39;39;0.00;0.00;30;20;-0.13;-0.42;-3.63;0.00;145;145
0.01;39;39;0.00;0.00;30;20;-0.13;-0.42;-3.63;0.00;145;145
0.01;39;39;0.00;0.00;30;20;-0.13;-0.42;-3.63;0.00;145;145
0.02;39;39;0.00;0.00;30;20;-0.13;-0.42;-3.63;0.00;145;145
0.01;39;39;0.00;0.00;30;20;-0.13;-0.42;-3.63;0.00;145;145
0.02;39;39;0.00;0.00;30;20;-0.13;-0.42;-3.63;0.00;145;145
0.01;39;39;0.00;0.00;30;20;-0.13;-0.42;-3.63;0.00;145;145
0.01;40;39;0.00;0.00;30;20;-0.13;-0.42;-3.63;0.00;145;145
0.02;39;39;0.00;0.00;30;20;-0.13;-0.42;-3.63;0.00;145;145
0.01;39;39;0.00;0.00;30;20;-0.13;-0.42;-3.63;0.00;145;145
0.01;39;39;0.00;0.00;30;20;-0.13;-0.42;-3.63;0.00;145;145
0.02;39;39;0.00;0.00;30;20;-0.13;-0.42;-3.63;0.00;145;145
0.01;39;39;0.00;0.00;30;20;-0.13;-0.42;-3.63;0.00;145;145
0.01;39;39;0.00;0.00;30;20;-0.13;-0.42;-3.63;0.00;145;145
0.02;40;39;0.00;0.00;30;20;-0.13;-0.42;-3.63;0.00;145;145
0.01;39;39;0.00;0.00;30;20;-0.13;-0.42;-3.63;0.00;145;145
0.01;39;39;0.00;0.00;30;20;-0.13;-0.42;-3.63;0.00;145;145
0.02;39;39;0.00;0.00;30;20;-0.13;-0.42;-3.63;0.00;145;145
0.01;40;39;0.00;0.00;30;20;-0.13;-0.42;-3.63;0.00;145;145
0.02;39;39;0.00;0.00;30;20;-0.13;-0.42;-3.63;0.00;145;145
0.01;40;39;0.00;0.00;30;20;-0.13;-0.42;-3.63;0.00;145;145
0.01;39;39;0.00;0.00;30;20;-0.13;-0.42;-3.63;0.00;145;145
0.01;39;39;0.00;0.00;30;20;-0.13;-0.42;-3.63;0.00;145;145
0.01;39;39;0.00;0.00;30;20;-0.13;-0.42;-3.63;0.00;145;145
0.01;39;39;0.00;0.00;30;20;-0.13;-0.42;-3.63;0.00;145;145
0.02;39;39;0.00;0.00;30;20;-0.13;-0.42;-3.63;0.00;145;145
0.01;39;39;0.00;0.00;30;20;-0.13;-0.42;-3.63;0.00;145;145
0.01;39;39;0.00;0.00;30;20;-0.13;-0.42;-3.63;0.00;145;145
0.02;39;39;0.00;0.00;30;20;-0.13;-0.42;-3.63;0.00;145;145
0.01;39;39;0.00;0.00;30;20;-0.13;-0.42;-3.63;0.00;145;145
0.02;39;39;0.00;0.00;30;20;-0.13;-0.42;-3.63;0.00;145;145
0.01;39;39;0.00;0.00;30;20;-0.13;-0.42;-3.63;0.00;145;145
0.01;39;39;0.00;0.00;30;20;-0.13;-0.42;-3.63;0.00;145;145
0.02;39;39;0.00;0.00;30;20;-0.13;-0.42;-3.63;0.00;145;145
0.01;40;39;0.00;0.00;30;20;-0.13;-0.42;-3.63;0.00;145;145
0.01;40;39;0.00;0.00;30;20;-0.13;-0.42;-3.63;0.00;145;145
0.02;40;39;0.00;0.00;30;20;-0.13;-0.42;-3.63;0.00;145;145
0.01;39;39;0.00;0.00;30;20;-0.13;-0.42;-3.63;0.00;145;145
0.01;39;39;0.00;0.00;30;20;-0.13;-0.42;-3.63;0.00;145;145
0.02;39;39;0.00;0.00;30;20;-0.13;-0.42;-3.63;0.00;145;145
0.01;39;39;0.00;0.00;30;20;-0.13;-0.42;-3.63;0.00;145;145
0.01;40;39;0.00;0.00;30;20;-0.13;-0.42;-3.63;0.00;145;145
0.02;40;39;0.00;0.00;30;20;-0.13;-0.42;-3.63;0.00;145;145
0.01;40;39;0.00;0.00;30;20;-0.13;-0.42;-3.63;0.00;145;145
0.02;40;39;0.00;0.00;30;20;-0.13;-0.42;-3.63;0.00;145;145
0.01;40;39;0.00;0.00;30;20;-0.13;-0.42;-3.63;0.00;145;145
0.01;40;39;0.00;0.00;30;20;-0.13;-0.42;-3.63;0.00;145;145
0.02;40;38;0.00;0.00;30;20;-0.13;-0.42;-3.63;0.00;145;145
0.01;39;39;0.00;0.00;30;20;-0.13;-0.42;-3.63;0.00;145;145
0.01;40;39;0.00;0.00;30;20;-0.13;-0.42;-3.63;0.00;145;145
0.02;39;39;0.00;0.00;30;20;-0.13;-0.42;-3.63;0.00;145;145
0.01;40;39;0.00;0.00;30;20;-0.13;-0.42;-3.63;0.00;145;145
0.01;40;38;0.00;0.00;30;20;-0.13;-0.42;-3.63;0.00;145;145
0.02;40;39;0.00;0.00;30;20;-0.13;-0.42;-3.63;0.00;145;145
0.01;39;39;0.00;0.00;30;20;-0.13;-0.42;-3.63;0.00;145;145
0.02;40;39;0.00;0.00;30;20;-0.13;-0.42;-3.63;0.00;145;145
0.01;39;39;0.00;0.00;30;20;-0.13;-0.42;-3.63;0.00;145;145
0.01;40;38;0.00;0.00;30;20;-0.13;-0.42;-3.63;0.00;145;145
0.02;39;39;0.00;0.00;30;20;-0.13;-0.42;-3.63;0.00;145;145
0.01;40;39;0.00;0.00;30;20;-0.13;-0.42;-3.63;0.00;145;145
0.01;39;39;0.00;0.00;30;20;-0.13;-0.42;-3.63;0.00;145;145
0.02;39;39;0.00;0.00;30;20;-0.13;-0.42;-3.63;0.00;145;145
0.01;39;39;0.00;0.00;30;20;-0.13;-0.42;-3.63;0.00;145;145
0.01;40;39;0.00;0.00;30;20;-0.13;-0.42;-3.63;0.00;145;145
0.02;40;38;0.00;0.00;30;20;-0.13;-0.42;-3.63;0.00;145;145
0.01;39;39;0.00;0.00;30;20;-0.13;-0.42;-3.63;0.00;145;145
0.01;39;39;0.00;0.00;30;20;-0.13;-0.42;-3.63;0.00;145;145
0.02;40;39;0.00;0.00;30;20;-0.13;-0.42;-3.63;0.00;145;145
0.01;39;39;0.00;0.00;30;20;-0.13;-0.42;-3.63;0.00;145;145
0.02;40;39;0.00;0.00;30;20;-0.13;-0.42;-3.63;0.00;145;145
0.01;39;39;0.00;0.00;30;20;-0.13;-0.42;-3.63;0.00;145;145
0.01;39;39;0.00;0.00;30;20;-0.13;-0.42;-3.63;0.00;145;145
0.02;39;39;0.00;0.00;30;20;-0.13;-0.42;-3.63;0.00;145;145
0.01;40;39;0.00;0.00;30;20;-0.13;-0.42;-3.63;0.00;145;145
0.01;39;39;0.00;0.00;30;20;-0.13;-0.42;-3.63;0.00;145;145
0.02;40;39;0.00;0.00;30;20;-0.13;-0.42;-3.63;0.00;145;145
0.01;39;39;0.00;0.00;30;20;-0.13;-0.42;-3.63;0.00;145;145
0.01;39;39;0.00;0.00;30;20;-0.13;-0.42;-3.63;0.00;145;145
0.02;39;39;0.00;0.00;30;20;-0.13;-0.42;-3.63;0.00;145;145
0.01;39;39;0.00;0.00;30;20;-0.13;-0.42;-3.63;0.00;145;145
0.01;40;39;0.00;0.00;30;20;-0.13;-0.42;-3.63;0.00;145;145
0.02;40;39;0.00;0.00;30;20;-0.13;-0.42;-3.63;0.00;145;145
0.01;39;39;0.00;0.00;30;20;-0.13;-0.42;-3.63;0.00;145;145
0.02;39;39;0.00;0.00;30;20;-0.13;-0.42;-3.63;0.00;145;145
0.01;40;39;0.00;0.00;30;20;-0.13;-0.42;-3.63;0.00;145;145
0.01;39;39;0.00;0.00;30;20;-0.13;-0.42;-3.63;0.00;145;145
0.02;40;39;0.00;0.00;30;20;-0.13;-0.42;-3.63;0.00;145;145
0.01;40;39;0.00;0.00;30;20;-0.13;-0.42;-3.63;0.00;145;145
0.01;40;39;0.00;0.00;30;20;-0.13;-0.42;-3.63;0.00;145;145
0.02;39;39;0.00;0.00;30;20;-0.13;-0.42;-3.63;0.00;145;145
0.01;40;39;0.00;0.00;30;20;-0.13;-0.42;-3.63;0.00;145;145
0.01;40;39;0.00;0.00;30;20;-0.13;-0.42;-3.63;0.00;145;145
0.02;40;39;0.00;0.00;30;20;-0.13;-0.42;-3.63;0.00;145;145
0.01;40;39;0.00;0.00;30;20;-0.13;-0.42;-3.63;0.00;145;145
0.02;40;38;0.00;0.00;30;20;-0.13;-0.42;-3.63;0.00;145;145
0.01;39;39;0.00;0.00;30;20;-0.13;-0.42;-3.63;0.00;145;145
0.01;40;39;0.00;0.00;30;20;-0.13;-0.42;-3.63;0.00;145;145
0.02;40;38;0.00;0.00;30;20;-0.13;-0.42;-3.63;0.00;145;145
0.01;40;39;0.00;0.00;30;20;-0.13;-0.42;-3.63;0.00;145;145
0.01;39;38;0.00;0.00;30;20;-0.13;-0.42;-3.63;0.00;145;145
0.02;40;38;0.00;0.00;30;20;-0.13;-0.42;-3.63;0.00;145;145
0.01;39;39;0.00;0.00;30;20;-0.13;-0.42;-3.63;0.00;145;145
0.01;39;39;0.00;0.00;30;20;-0.13;-0.42;-3.63;0.00;145;145
0.02;39;39;0.00;0.00;30;20;-0.13;-0.42;-3.63;0.00;145;145
0.01;39;39;0.00;0.00;30;20;-0.13;-0.42;-3.63;0.00;145;145
0.01;39;39;0.00;0.00;30;20;-0.13;-0.42;-3.63;0.00;145;145
0.02;40;38;0.00;0.00;30;20;-0.13;-0.42;-3.63;0.00;145;145
0.01;39;39;0.00;0.00;30;20;-0.13;-0.42;-3.63;0.00;145;145
0.02;40;38;0.00;0.00;30;20;-0.13;-0.42;-3.63;0.00;145;145
0.01;40;39;0.00;0.00;30;20;-0.13;-0.42;-3.63;0.00;145;145
0.01;40;38;0.00;0.00;30;20;-0.13;-0.42;-3.63;0.00;145;145
0.02;39;39;0.00;0.00;30;20;-0.13;-0.42;-3.63;0.00;145;145
0.01;39;39;0.00;0.00;30;20;-0.13;-0.42;-3.63;0.00;145;145
0.01;39;39;0.00;0.00;30;20;-0.13;-0.42;-3.63;0.00;145;145
0.02;40;38;0.00;0.00;30;20;-0.13;-0.42;-3.63;0.00;145;145
0.01;40;39;0.00;0.00;30;20;-0.13;-0.42;-3.63;0.00;145;145
0.01;40;39;0.00;0.00;30;20;-0.13;-0.42;-3.63;0.00;145;145
0.02;40;39;0.00;0.00;30;20;-0.13;-0.42;-3.63;0.00;145;145
0.01;39;39;0.00;0.00;30;20;-0.13;-0.42;-3.63;0.00;145;145
0.02;40;39;0.00;0.00;30;20;-0.13;-0.42;-3.63;0.00;145;145
0.01;40;39;0.00;0.00;30;20;-0.13;-0.42;-3.63;0.00;145;145
0.01;40;39;0.00;0.00;30;20;-0.13;-0.42;-3.63;0.00;145;145
0.02;39;39;0.00;0.00;30;20;-0.13;-0.42;-3.63;0.00;145;145
0.01;40;39;0.00;0.00;30;20;-0.13;-0.42;-3.63;0.00;145;145
0.01;39;39;0.00;0.00;30;20;-0.13;-0.42;-3.63;0.00;145;145
0.02;39;39;0.00;0.00;30;20;-0.13;-0.42;-3.63;0.00;145;145
0.01;39;39;0.00;0.00;30;20;-0.13;-0.42;-3.63;0.00;145;145
0.01;40;39;0.00;0.00;30;20;-0.13;-0.42;-3.63;0.00;145;145
0.02;40;39;0.00;0.00;30;20;-0.13;-0.42;-3.63;0.00;145;145
0.01;40;39;0.00;0.00;30;20;-0.13;-0.42;-3.63;0.00;145;145
0.01;40;39;0.00;0.00;30;20;-0.13;-0.42;-3.63;0.00;145;145
0.02;40;38;0.00;0.00;30;20;-0.13;-0.42;-3.63;0.00;145;145
0.01;40;39;0.00;0.00;30;20;-0.13;-0.42;-3.63;0.00;145;145
0.02;39;39;0.00;0.00;30;20;-0.13;-0.42;-3.63;0.00;145;145
0.01;40;39;0.00;0.00;30;20;-0.13;-0.42;-3.63;0.00;145;145
0.01;40;39;0.00;0.00;30;20;-0.13;-0.42;-3.63;0.00;145;145
0.02;39;39;0.00;0.00;30;20;-0.13;-0.42;-3.63;0.00;145;145
0.01;39;39;0.00;0.00;30;20;-0.13;-0.42;-3.63;0.00;145;145
0.01;39;39;0.00;0.00;30;20;-0.13;-0.42;-3.63;0.00;145;145
0.02;39;39;0.00;0.00;30;20;-0.13;-0.42;-3.63;0.00;145;145
0.01;40;39;0.00;0.00;30;20;-0.13;-0.42;-3.63;0.00;145;145
0.01;39;39;0.00;0.00;30;20;-0.13;-0.42;-3.63;0.00;145;145
0.02;40;39;0.00;0.00;30;20;-0.13;-0.42;-3.63;0.00;145;145
0.01;40;39;0.00;0.00;30;20;-0.13;-0.42;-3.63;0.00;145;145
0.02;39;39;0.00;0.00;30;20;-0.13;-0.42;-3.63;0.00;145;145
0.01;40;39;0.00;0.00;30;20;-0.13;-0.42;-3.63;0.00;145;145
0.01;39;39;0.00;0.00;30;20;-0.13;-0.42;-3.63;0.00;145;145
0.02;40;39;0.00;0.00;30;20;-0.13;-0.42;-3.63;0.00;145;145
0.01;40;39;0.00;0.00;30;20;-0.13;-0.42;-3.63;0.00;145;145
0.01;40;39;0.00;0.00;30;20;-0.13;-0.42;-3.63;9.00;120;120
0.02;39;39;0.00;0.00;30;20;-0.13;-0.42;-3.63;9.00;119;119
0.01;39;39;0.00;0.00;30;20;-0.13;-0.42;-3.63;9.00;119;119
0.01;39;39;1.64;0.00;30;20;-0.13;-0.42;-3.64;9.00;119;119
0.02;39;39;0.00;1.64;30;20;-0.13;-0.42;-3.63;9.00;119;119
0.01;40;39;1.64;0.00;30;20;-0.13;-0.42;-3.64;9.00;119;119
0.01;39;39;0.00;1.64;30;20;-0.13;-0.42;-3.63;9.00;119;119
0.02;39;39;1.64;0.00;30;20;-0.13;-0.42;-3.64;9.00;119;119
0.01;39;38;1.64;1.64;30;20;-0.13;-0.42;-3.64;8.00;117;117
0.02;39;38;0.00;1.64;30;20;-0.14;-0.42;-3.63;8.00;118;118
0.01;38;39;1.64;1.64;30;20;-0.14;-0.42;-3.63;8.00;118;118
0.01;39;38;3.27;1.64;30;20;-0.14;-0.42;-3.64;8.00;118;118
0.02;39;39;1.64;1.64;30;20;-0.14;-0.42;-3.64;9.00;119;119
0.01;38;38;1.64;1.64;30;20;-0.14;-0.42;-3.64;8.00;117;117
0.01;39;38;1.64;1.64;30;20;-0.14;-0.41;-3.64;8.00;118;118
0.02;38;37;1.64;3.27;30;20;-0.14;-0.41;-3.63;7.00;116;116
0.01;38;38;3.27;1.64;30;20;-0.14;-0.41;-3.64;8.00;118;118
0.01;38;38;1.64;1.64;30;20;-0.14;-0.41;-3.64;8.00;118;118
0.02;37;37;3.27;3.27;30;20;-0.14;-0.41;-3.64;7.00;116;116
0.01;38;37;3.27;3.27;30;20;-0.14;-0.41;-3.64;7.00;117;117
0.02;37;37;1.64;1.64;30;20;-0.15;-0.41;-3.64;7.00;117;117
0.01;37;37;3.27;3.27;30;20;-0.15;-0.41;-3.64;7.00;117;117
0.01;37;37;3.27;3.27;30;20;-0.15;-0.41;-3.64;7.00;117;117
0.02;37;36;3.27;3.27;30;20;-0.15;-0.41;-3.64;6.00;115;115
0.01;37;36;3.27;3.27;30;20;-0.15;-0.41;-3.64;6.00;116;116
0.01;36;36;4.91;3.27;30;20;-0.15;-0.41;-3.65;6.00;116;116
0.02;36;36;3.27;3.27;30;20;-0.15;-0.41;-3.65;6.00;116;116
0.01;36;35;3.27;3.27;30;20;-0.16;-0.41;-3.65;5.00;114;114
0.01;36;35;3.27;3.27;30;20;-0.16;-0.40;-3.65;5.00;115;115
0.02;35;35;4.91;4.91;30;20;-0.16;-0.40;-3.65;5.00;115;115
0.01;35;35;3.27;3.27;30;20;-0.16;-0.40;-3.65;5.00;115;115
0.01;35;35;4.91;3.27;30;20;-0.16;-0.40;-3.66;5.00;115;115
0.02;34;34;3.27;4.91;30;20;-0.16;-0.40;-3.65;4.00;113;113
0.01;35;34;4.91;3.27;30;20;-0.17;-0.40;-3.66;4.00;114;114
0.02;34;34;3.27;3.27;30;20;-0.17;-0.40;-3.66;4.00;114;114
0.01;34;33;3.27;4.91;30;20;-0.17;-0.40;-3.65;3.00;112;112
0.01;34;33;4.91;3.27;30;20;-0.17;-0.40;-3.66;3.00;113;113
0.02;33;32;4.91;4.91;30;20;-0.17;-0.40;-3.66;2.00;111;111
0.01;33;32;3.27;3.27;30;20;-0.17;-0.39;-3.66;2.00;112;112
0.01;32;32;4.91;3.27;30;20;-0.18;-0.39;-3.66;2.00;112;112
0.02;32;31;4.91;4.91;30;20;-0.18;-0.39;-3.66;1.00;110;110
0.01;32;32;4.91;3.27;30;20;-0.18;-0.39;-3.67;2.00;112;112
0.01;32;31;3.27;4.91;30;20;-0.18;-0.39;-3.66;1.00;110;110
0.02;32;31;3.27;3.27;30;20;-0.18;-0.39;-3.66;1.00;111;111
0.01;32;31;4.91;3.27;30;20;-0.19;-0.39;-3.67;1.00;111;111
0.01;32;30;3.27;4.91;30;20;-0.19;-0.39;-3.66;1.00;111;111
0.02;31;29;4.91;1.64;30;20;-0.19;-0.39;-3.68;0.00;110;110
0.01;31;29;3.27;1.64;30;20;-0.19;-0.39;-3.69;0.00;110;110
0.02;30;30;3.27;3.27;30;20;-0.19;-0.39;-3.69;0.00;110;110
0.01;31;30;3.27;3.27;30;20;-0.19;-0.38;-3.69;0.00;110;110
0.01;30;30;3.27;1.64;30;20;-0.19;-0.38;-3.70;0.00;110;110
0.02;30;29;3.27;3.27;30;20;-0.19;-0.38;-3.70;-1.00;111;111
0.01;30;29;1.64;1.64;30;20;-0.20;-0.38;-3.70;-1.00;111;111
0.01;29;29;3.27;1.64;30;20;-0.20;-0.38;-3.71;-1.00;111;111
0.02;29;29;1.64;1.64;30;20;-0.20;-0.38;-3.71;-1.00;111;111
0.01;29;28;1.64;1.64;30;20;-0.20;-0.38;-3.71;-2.00;112;112
0.01;30;30;1.64;1.64;30;20;-0.20;-0.38;-3.71;0.00;110;110
0.02;29;30;1.64;0.00;30;20;-0.20;-0.38;-3.71;-1.00;111;111
0.01;29;30;0.00;1.64;30;20;-0.20;-0.38;-3.71;-1.00;111;111
0.02;29;29;0.00;0.00;30;20;-0.20;-0.38;-3.71;-1.00;111;111
0.01;29;29;1.64;1.64;30;20;-0.20;-0.38;-3.71;-1.00;111;111
0.01;29;29;0.00;0.00;30;20;-0.20;-0.38;-3.71;-1.00;111;111
0.02;29;30;0.00;0.00;30;20;-0.20;-0.38;-3.71;-1.00;111;111
0.02;29;29;0.00;0.00;30;20;-0.20;-0.38;-3.71;-1.00;111;111
0.01;30;28;0.00;0.00;30;20;-0.20;-0.38;-3.71;-1.00;111;111
0.02;30;28;0.00;0.00;30;20;-0.20;-0.38;-3.71;-1.00;111;111
0.01;29;29;0.00;0.00;30;20;-0.20;-0.38;-3.71;-1.00;111;111
0.02;29;29;0.00;0.00;30;20;-0.20;-0.38;-3.71;-1.00;111;111
0.02;29;29;0.00;0.00;30;20;-0.20;-0.38;-3.71;-1.00;111;111
0.01;29;29;0.00;0.00;30;20;-0.20;-0.38;-3.71;-1.00;111;111
0.02;29;28;0.00;0.00;30;20;-0.20;-0.38;-3.71;-2.00;112;112
0.01;29;29;0.00;0.00;30;20;-0.20;-0.38;-3.71;-1.00;110;110
0.02;29;29;1.64;0.00;30;20;-0.20;-0.38;-3.71;-1.00;111;111
0.02;29;29;0.00;0.00;30;20;-0.20;-0.38;-3.71;-1.00;111;111
0.01;30;30;0.00;0.00;30;20;-0.20;-0.38;-3.71;0.00;110;110
0.01;29;30;0.00;0.00;30;20;-0.20;-0.38;-3.71;-1.00;111;111
0.02;29;29;0.00;0.00;30;20;-0.20;-0.38;-3.71;-1.00;111;111
0.02;29;30;0.00;0.00;30;20;-0.20;-0.38;-3.71;-1.00;111;111
0.02;29;29;0.00;0.00;30;20;-0.20;-0.38;-3.71;-1.00;111;111
0.01;29;29;0.00;0.00;30;20;-0.20;-0.38;-3.71;-1.00;111;111
0.01;29;29;0.00;0.00;30;20;-0.20;-0.38;-3.71;-1.00;111;111
0.02;29;29;0.00;0.00;30;20;-0.20;-0.38;-3.71;-1.00;111;111
0.01;29;29;0.00;0.00;30;20;-0.20;-0.38;-3.71;-1.00;111;111
0.01;29;30;0.00;0.00;30;20;-0.20;-0.38;-3.71;-1.00;111;111
0.02;29;29;0.00;0.00;30;20;-0.20;-0.38;-3.71;-1.00;111;111
0.01;29;29;0.00;0.00;30;20;-0.20;-0.38;-3.71;-1.00;111;111
0.02;29;29;0.00;0.00;30;20;-0.20;-0.38;-3.71;-1.00;111;111
0.02;29;29;0.00;0.00;30;20;-0.20;-0.38;-3.71;-1.00;111;111
0.01;29;29;0.00;0.00;30;20;-0.20;-0.38;-3.71;-1.00;111;111
0.02;29;30;0.00;0.00;30;20;-0.20;-0.38;-3.71;-1.00;111;111
0.02;30;28;0.00;0.00;30;20;-0.20;-0.38;-3.71;-1.00;111;111
0.01;29;30;0.00;0.00;30;20;-0.20;-0.38;-3.71;-1.00;111;111
0.02;29;29;0.00;0.00;30;20;-0.20;-0.38;-3.71;-1.00;111;111
0.01;29;29;0.00;0.00;30;20;-0.20;-0.38;-3.71;-1.00;111;111
0.02;29;29;0.00;0.00;30;20;-0.20;-0.38;-3.71;-1.00;111;111
0.02;29;30;0.00;0.00;30;20;-0.20;-0.38;-3.71;-1.00;111;111
0.01;29;30;0.00;0.00;30;20;-0.20;-0.38;-3.71;-1.00;111;111
0.01;29;30;0.00;0.00;30;20;-0.20;-0.38;-3.71;-1.00;111;111
0.02;29;29;0.00;0.00;30;20;-0.20;-0.38;-3.71;-1.00;111;111
0.01;29;30;0.00;0.00;30;20;-0.20;-0.38;-3.71;-1.00;111;111
0.02;29;30;0.00;0.00;30;20;-0.20;-0.38;-3.71;-1.00;111;111
0.01;29;29;0.00;0.00;30;20;-0.20;-0.38;-3.71;-1.00;111;111
0.01;29;29;0.00;0.00;30;20;-0.20;-0.38;-3.71;-1.00;111;111
0.02;29;29;0.00;0.00;30;20;-0.20;-0.38;-3.71;-1.00;111;111
0.01;29;30;0.00;0.00;30;20;-0.20;-0.38;-3.71;-1.00;111;111
0.01;30;29;0.00;0.00;30;20;-0.20;-0.38;-3.71;-1.00;111;111
0.02;29;30;0.00;0.00;30;20;-0.20;-0.38;-3.71;-1.00;111;111
0.02;29;30;0.00;0.00;30;20;-0.20;-0.38;-3.71;-1.00;111;111
0.01;29;30;0.00;0.00;30;20;-0.20;-0.38;-3.71;-1.00;111;111
0.02;30;28;0.00;0.00;30;20;-0.20;-0.38;-3.71;-1.00;111;111
0.01;29;29;0.00;0.00;30;20;-0.20;-0.38;-3.71;-1.00;111;111
0.02;29;29;0.00;0.00;30;20;-0.20;-0.38;-3.71;-1.00;111;111
0.01;29;30;0.00;0.00;30;20;-0.20;-0.38;-3.71;-1.00;111;111
0.01;29;29;0.00;0.00;30;20;-0.20;-0.38;-3.71;-1.00;111;111
0.02;29;30;0.00;0.00;30;20;-0.20;-0.38;-3.71;-1.00;111;111
0.02;29;29;0.00;0.00;30;20;-0.20;-0.38;-3.71;-1.00;111;111
0.01;29;30;0.00;0.00;30;20;-0.20;-0.38;-3.71;-1.00;111;111
0.02;30;29;0.00;0.00;30;20;-0.20;-0.38;-3.71;-1.00;111;111
0.01;29;28;0.00;0.00;30;20;-0.20;-0.38;-3.71;-2.00;112;112
0.01;29;30;0.00;0.00;30;20;-0.20;-0.38;-3.71;-1.00;110;110
0.02;29;29;0.00;0.00;30;20;-0.20;-0.38;-3.71;-1.00;111;111
0.01;29;29;0.00;0.00;30;20;-0.20;-0.38;-3.71;-1.00;111;111
0.02;29;30;0.00;0.00;30;20;-0.20;-0.38;-3.71;-1.00;111;111
0.01;29;29;0.00;0.00;30;20;-0.20;-0.38;-3.71;-1.00;111;111
0.02;29;29;0.00;0.00;30;20;-0.20;-0.38;-3.71;-1.00;111;111
0.02;29;29;0.00;0.00;30;20;-0.20;-0.38;-3.71;-1.00;111;111
0.01;29;30;0.00;0.00;30;20;-0.20;-0.38;-3.71;-1.00;111;111
0.01;29;29;0.00;0.00;30;20;-0.20;-0.38;-3.71;-1.00;111;111
0.02;29;29;0.00;0.00;30;20;-0.20;-0.38;-3.71;-1.00;111;111
0.01;29;29;0.00;0.00;30;20;-0.20;-0.38;-3.71;-1.00;111;111
0.02;29;30;0.00;0.00;30;20;-0.20;-0.38;-3.71;-1.00;111;111
0.01;30;28;0.00;0.00;30;20;-0.20;-0.38;-3.71;-1.00;111;111
0.01;29;29;0.00;0.00;30;20;-0.20;-0.38;-3.71;-1.00;111;111
0.02;29;30;0.00;0.00;30;20;-0.20;-0.38;-3.71;-1.00;111;111
0.01;29;30;0.00;0.00;30;20;-0.20;-0.38;-3.71;-1.00;111;111
0.01;29;28;0.00;0.00;30;20;-0.20;-0.38;-3.71;-2.00;112;112
0.02;29;29;0.00;0.00;30;20;-0.20;-0.38;-3.71;-1.00;110;110
0.02;29;30;0.00;0.00;30;20;-0.20;-0.38;-3.71;-1.00;111;111
0.01;29;30;0.00;0.00;30;20;-0.20;-0.38;-3.71;-1.00;111;111
0.02;29;29;0.00;0.00;30;20;-0.20;-0.38;-3.71;-1.00;111;111
0.01;29;30;0.00;0.00;30;20;-0.20;-0.38;-3.71;-1.00;111;111
0.02;29;29;0.00;0.00;30;20;-0.20;-0.38;-3.71;-1.00;111;111
0.01;29;29;0.00;0.00;30;20;-0.20;-0.38;-3.71;-1.00;111;111
0.01;30;28;0.00;0.00;30;20;-0.20;-0.38;-3.71;-1.00;111;111
0.02;29;30;0.00;0.00;30;20;-0.20;-0.38;-3.71;-1.00;111;111
0.02;29;30;0.00;0.00;30;20;-0.20;-0.38;-3.71;-1.00;111;111
0.01;29;29;0.00;0.00;30;20;-0.20;-0.38;-3.71;-1.00;111;111
0.02;29;29;0.00;0.00;30;20;-0.20;-0.38;-3.71;-1.00;111;111
0.01;30;28;0.00;0.00;30;20;-0.20;-0.38;-3.71;-1.00;111;111
0.01;29;29;0.00;0.00;30;20;-0.20;-0.38;-3.71;-1.00;111;111
0.02;29;30;0.00;0.00;30;20;-0.20;-0.38;-3.71;-1.00;111;111
0.01;30;29;0.00;0.00;30;20;-0.20;-0.38;-3.71;-1.00;111;111
0.02;29;29;0.00;0.00;30;20;-0.20;-0.38;-3.71;-1.00;111;111
0.01;29;30;0.00;0.00;30;20;-0.20;-0.38;-3.71;-1.00;111;111
0.02;29;29;0.00;0.00;30;20;-0.20;-0.38;-3.71;-1.00;111;111
0.02;29;30;0.00;0.00;30;20;-0.20;-0.38;-3.71;-1.00;111;111
0.01;29;30;0.00;0.00;30;20;-0.20;-0.38;-3.71;-1.00;111;111
0.01;29;30;0.00;0.00;30;20;-0.20;-0.38;-3.71;-1.00;111;111
0.02;29;29;0.00;0.00;30;20;-0.20;-0.38;-3.71;-1.00;111;111
0.01;29;30;0.00;0.00;30;20;-0.20;-0.38;-3.71;-1.00;111;111
0.01;29;30;0.00;0.00;30;20;-0.20;-0.38;-3.71;-1.00;111;111
0.02;29;30;0.00;0.00;30;20;-0.20;-0.38;-3.71;-1.00;111;111
0.02;29;29;0.00;0.00;30;20;-0.20;-0.38;-3.71;-1.00;111;111
0.02;29;30;0.00;0.00;30;20;-0.20;-0.38;-3.71;-1.00;111;111
0.01;29;29;0.00;0.00;30;20;-0.20;-0.38;-3.71;-1.00;111;111
0.01;29;29;0.00;0.00;30;20;-0.20;-0.38;-3.71;-1.00;111;111
0.02;29;28;0.00;0.00;30;20;-0.20;-0.38;-3.71;-2.00;112;112
0.02;29;30;0.00;0.00;30;20;-0.20;-0.38;-3.71;-1.00;110;110
0.01;29;29;0.00;0.00;30;20;-0.20;-0.38;-3.71;-1.00;111;111
0.02;30;29;0.00;0.00;30;20;-0.20;-0.38;-3.71;-1.00;111;111
0.01;29;29;0.00;0.00;30;20;-0.20;-0.38;-3.71;-1.00;111;111
0.02;29;29;0.00;0.00;30;20;-0.20;-0.38;-3.71;-1.00;111;111
0.01;29;29;0.00;0.00;30;20;-0.20;-0.38;-3.71;-1.00;111;111
0.01;29;29;0.00;0.00;30;20;-0.20;-0.38;-3.71;-1.00;111;111
0.02;29;30;0.00;0.00;30;20;-0.20;-0.38;-3.71;-1.00;111;111
0.02;29;30;0.00;0.00;30;20;-0.20;-0.38;-3.71;-1.00;111;111
0.01;29;29;0.00;0.00;30;20;-0.20;-0.38;-3.71;-1.00;111;111
0.02;29;29;0.00;0.00;30;20;-0.20;-0.38;-3.71;-1.00;111;111
0.01;29;29;0.00;0.00;30;20;-0.20;-0.38;-3.71;-1.00;111;111
0.02;29;30;0.00;0.00;30;20;-0.20;-0.38;-3.71;-1.00;111;111
0.02;29;30;0.00;0.00;30;20;-0.20;-0.38;-3.71;-1.00;111;111
0.01;29;29;0.00;0.00;30;20;-0.20;-0.38;-3.71;-1.00;111;111
0.02;29;29;0.00;0.00;30;20;-0.20;-0.38;-3.71;-1.00;111;111
0.01;29;29;0.00;0.00;30;20;-0.20;-0.38;-3.71;-1.00;111;111
0.02;29;29;0.00;0.00;30;20;-0.20;-0.38;-3.71;-1.00;111;111
0.02;29;30;0.00;0.00;30;20;-0.20;-0.38;-3.71;-1.00;111;111
0.01;29;29;0.00;0.00;30;20;-0.20;-0.38;-3.71;-1.00;111;111
0.01;29;30;0.00;0.00;30;20;-0.20;-0.38;-3.71;-1.00;111;111
0.02;29;30;0.00;0.00;30;20;-0.20;-0.38;-3.71;-1.00;111;111
0.01;29;30;0.00;0.00;30;20;-0.20;-0.38;-3.71;-1.00;111;111
0.01;29;30;0.00;0.00;30;20;-0.20;-0.38;-3.71;-1.00;111;111
0.02;29;30;0.00;0.00;30;20;-0.20;-0.38;-3.71;-1.00;111;111
0.02;29;29;0.00;0.00;30;20;-0.20;-0.38;-3.71;-1.00;111;111
0.02;29;29;0.00;0.00;30;20;-0.20;-0.38;-3.71;-1.00;111;111
0.01;29;29;0.00;0.00;30;20;-0.20;-0.38;-3.71;-1.00;111;111
0.01;29;29;0.00;0.00;30;20;-0.20;-0.38;-3.71;-1.00;111;111
0.02;29;30;0.00;0.00;30;20;-0.20;-0.38;-3.71;-1.00;111;111
0.02;29;29;0.00;0.00;30;20;-0.20;-0.38;-3.71;-1.00;111;111
0.01;29;29;0.00;0.00;30;20;-0.20;-0.38;-3.71;-1.00;111;111
0.02;29;28;0.00;0.00;30;20;-0.20;-0.38;-3.71;-2.00;112;112
0.01;29;29;0.00;0.00;30;20;-0.20;-0.38;-3.71;-1.00;110;110
0.02;29;29;0.00;0.00;30;20;-0.20;-0.38;-3.71;-1.00;111;111
0.02;29;29;0.00;0.00;30;20;-0.20;-0.38;-3.71;-1.00;111;111
0.01;29;29;0.00;0.00;30;20;-0.20;-0.38;-3.71;-1.00;111;111
0.02;29;29;0.00;0.00;30;20;-0.20;-0.38;-3.71;-1.00;111;111
0.02;29;29;0.00;0.00;30;20;-0.20;-0.38;-3.71;-1.00;111;111
0.01;29;29;0.00;0.00;30;20;-0.20;-0.38;-3.71;-1.00;111;111
0.02;29;30;0.00;0.00;30;20;-0.20;-0.38;-3.71;-1.00;111;111
0.01;29;29;0.00;0.00;30;20;-0.20;-0.38;-3.71;-1.00;111;111
0.02;29;29;0.00;0.00;30;20;-0.20;-0.38;-3.71;-1.00;111;111
0.02;29;29;0.00;0.00;30;20;-0.20;-0.38;-3.71;-1.00;111;111
0.01;30;28;0.00;0.00;30;20;-0.20;-0.38;-3.71;-1.00;111;111
0.01;29;29;0.00;0.00;30;20;-0.20;-0.38;-3.71;-1.00;111;111
0.02;29;29;0.00;0.00;30;20;-0.20;-0.38;-3.71;-1.00;111;111
0.02;29;30;0.00;0.00;30;20;-0.20;-0.38;-3.71;-1.00;111;111
0.02;29;30;0.00;0.00;30;20;-0.20;-0.38;-3.71;-1.00;111;111
0.01;29;28;0.00;0.00;30;20;-0.20;-0.38;-3.71;-2.00;112;112
0.01;29;29;0.00;0.00;30;20;-0.20;-0.38;-3.71;-1.00;110;110
0.02;29;29;0.00;0.00;30;20;-0.20;-0.38;-3.71;-1.00;111;111
0.01;29;29;0.00;0.00;30;20;-0.20;-0.38;-3.71;-1.00;111;111
0.01;29;29;0.00;0.00;30;20;-0.20;-0.38;-3.71;-1.00;111;111
0.02;29;29;0.00;0.00;30;20;-0.20;-0.38;-3.71;-1.00;111;111
0.02;29;29;0.00;0.00;30;20;-0.20;-0.38;-3.71;-1.00;111;111
0.02;29;29;0.00;0.00;30;20;-0.20;-0.38;-3.71;-1.00;111;111
0.01;29;30;0.00;0.00;30;20;-0.20;-0.38;-3.71;-1.00;111;111
0.01;29;30;0.00;0.00;30;20;-0.20;-0.38;-3.71;-1.00;111;111
0.02;29;29;0.00;0.00;30;20;-0.20;-0.38;-3.71;-1.00;111;111
0.01;29;29;0.00;0.00;30;20;-0.20;-0.38;-3.71;-1.00;111;111
0.01;30;28;0.00;0.00;30;20;-0.20;-0.38;-3.71;-1.00;111;111
0.02;30;28;0.00;0.00;30;20;-0.20;-0.38;-3.71;-1.00;111;111
0.01;30;28;0.00;0.00;30;20;-0.20;-0.38;-3.71;-1.00;111;111
0.02;29;29;0.00;0.00;30;20;-0.20;-0.38;-3.71;-1.00;111;111
0.02;29;29;0.00;0.00;30;20;-0.20;-0.38;-3.71;-1.00;111;111
0.01;29;29;0.00;0.00;30;20;-0.20;-0.38;-3.71;-1.00;111;111
0.02;29;30;0.00;0.00;30;20;-0.20;-0.38;-3.71;-1.00;111;111
0.02;29;29;0.00;0.00;30;20;-0.20;-0.38;-3.71;-1.00;111;111
0.01;29;29;0.00;0.00;30;20;-0.20;-0.38;-3.71;-1.00;111;111
0.02;29;29;0.00;0.00;30;20;-0.20;-0.38;-3.71;-1.00;111;111
0.01;29;29;0.00;0.00;30;20;-0.20;-0.38;-3.71;-1.00;111;111
0.02;29;29;0.00;0.00;30;20;-0.20;-0.38;-3.71;-1.00;111;111
0.02;29;30;0.00;0.00;30;20;-0.20;-0.38;-3.71;-1.00;111;111
0.01;29;29;0.00;0.00;30;20;-0.20;-0.38;-3.71;-1.00;111;111
0.01;29;29;0.00;0.00;30;20;-0.20;-0.38;-3.71;-1.00;111;111
0.02;29;29;0.00;0.00;30;20;-0.20;-0.38;-3.71;-1.00;111;111
0.01;29;29;0.00;0.00;30;20;-0.20;-0.38;-3.71;-1.00;111;111
0.02;29;30;0.00;0.00;30;20;-0.20;-0.38;-3.71;-1.00;111;111
0.01;29;29;0.00;0.00;30;20;-0.20;-0.38;-3.71;-1.00;111;111
0.01;29;29;0.00;0.00;30;20;-0.20;-0.38;-3.71;-1.00;111;111
0.02;29;29;0.00;0.00;30;20;-0.20;-0.38;-3.71;-1.00;111;111
0.01;29;29;0.00;0.00;30;20;-0.20;-0.38;-3.71;-1.00;111;111
0.01;29;29;0.00;0.00;30;20;-0.20;-0.38;-3.71;-1.00;111;111
0.02;29;29;0.00;0.00;30;20;-0.20;-0.38;-3.71;-1.00;111;111
0.02;29;29;0.00;0.00;30;20;-0.20;-0.38;-3.71;-1.00;111;111
0.01;29;29;0.00;0.00;30;20;-0.20;-0.38;-3.71;-1.00;111;111
0.02;29;29;0.00;0.00;30;20;-0.20;-0.38;-3.71;-1.00;111;111
0.01;29;30;0.00;0.00;30;20;-0.20;-0.38;-3.71;-1.00;111;111
0.02;30;28;0.00;0.00;30;20;-0.20;-0.38;-3.71;-1.00;111;111
0.01;30;28;0.00;0.00;30;20;-0.20;-0.38;-3.71;-1.00;111;111
0.01;29;29;0.00;0.00;30;20;-0.20;-0.38;-3.71;-1.00;111;111
0.02;29;29;0.00;0.00;30;20;-0.20;-0.38;-3.71;-1.00;111;111
0.01;30;28;0.00;0.00;30;20;-0.20;-0.38;-3.71;-1.00;111;111
0.02;29;29;0.00;0.00;30;20;-0.20;-0.38;-3.71;-1.00;111;111
0.02;29;29;0.00;0.00;30;20;-0.20;-0.38;-3.71;-1.00;111;111
0.01;29;29;0.00;0.00;30;20;-0.20;-0.38;-3.71;-1.00;111;111
0.01;29;29;0.00;0.00;30;20;-0.20;-0.38;-3.71;-1.00;111;111
0.02;30;28;0.00;0.00;30;20;-0.20;-0.38;-3.71;-1.00;111;111
0.01;30;28;0.00;0.00;30;20;-0.20;-0.38;-3.71;-1.00;111;111
0.02;30;28;0.00;0.00;30;20;-0.20;-0.38;-3.71;-1.00;111;111
0.01;29;29;0.00;0.00;30;20;-0.20;-0.38;-3.71;-1.00;111;111
0.02;29;29;0.00;0.00;30;20;-0.20;-0.38;-3.71;-1.00;111;111
0.02;29;29;0.00;0.00;30;20;-0.20;-0.38;-3.71;-1.00;111;111
0.01;30;28;0.00;0.00;30;20;-0.20;-0.38;-3.71;-1.00;111;111
0.01;30;28;0.00;0.00;30;20;-0.20;-0.38;-3.71;-1.00;111;111
0.02;29;29;0.00;0.00;30;20;-0.20;-0.38;-3.71;-1.00;111;111
0.01;29;29;0.00;0.00;30;20;-0.20;-0.38;-3.71;-1.00;111;111
0.02;29;29;0.00;0.00;30;20;-0.20;-0.38;-3.71;-1.00;111;111
0.01;29;28;0.00;0.00;30;20;-0.20;-0.38;-3.71;-2.00;112;112
0.01;29;28;0.00;0.00;30;20;-0.20;-0.38;-3.71;-2.00;112;112
0.02;29;30;1.64;0.00;30;20;-0.20;-0.38;-3.72;-1.00;110;110
0.01;29;29;0.00;1.64;30;20;-0.20;-0.38;-3.72;-1.00;111;111
0.01;29;29;0.00;0.00;30;20;-0.20;-0.38;-3.72;-1.00;111;111
0.02;29;29;0.00;0.00;30;20;-0.20;-0.38;-3.72;-1.00;111;111
0.02;29;29;0.00;0.00;30;20;-0.20;-0.38;-3.72;-1.00;111;111
0.01;29;29;1.64;0.00;30;20;-0.20;-0.38;-3.72;-1.00;111;111
0.02;30;28;0.00;0.00;30;20;-0.20;-0.38;-3.72;-1.00;111;111
0.01;29;29;0.00;0.00;30;20;-0.20;-0.38;-3.72;-1.00;111;111
0.02;29;28;0.00;0.00;30;20;-0.20;-0.38;-3.72;-2.00;112;112
0.01;29;29;0.00;0.00;30;20;-0.20;-0.38;-3.72;-1.00;110;110
0.01;30;28;0.00;0.00;30;20;-0.20;-0.38;-3.72;-1.00;111;111
0.02;29;29;1.64;0.00;30;20;-0.20;-0.38;-3.73;-1.00;111;111
0.02;29;30;0.00;0.00;30;20;-0.20;-0.38;-3.73;-1.00;111;111
0.01;29;29;0.00;0.00;30;20;-0.20;-0.38;-3.73;-1.00;111;111
0.02;29;29;0.00;0.00;30;20;-0.20;-0.38;-3.73;-1.00;111;111
0.01;30;28;0.00;0.00;30;20;-0.20;-0.38;-3.73;-1.00;111;111
0.01;29;29;0.00;0.00;30;20;-0.20;-0.38;-3.73;-1.00;111;111
0.02;30;28;0.00;0.00;30;20;-0.20;-0.38;-3.73;-1.00;111;111
0.01;30;28;0.00;0.00;30;20;-0.20;-0.38;-3.73;-1.00;111;111
0.02;30;30;0.00;0.00;30;20;-0.20;-0.38;-3.73;0.00;110;110
0.01;29;29;0.00;0.00;30;20;-0.20;-0.38;-3.73;-1.00;111;111
0.01;30;28;0.00;0.00;30;20;-0.20;-0.38;-3.73;-1.00;111;111
0.02;30;28;0.00;0.00;30;20;-0.20;-0.38;-3.73;-1.00;111;111
0.01;30;29;0.00;0.00;30;20;-0.20;-0.38;-3.73;-1.00;111;111
0.01;29;29;0.00;0.00;30;20;-0.20;-0.38;-3.73;-1.00;111;111
0.02;29;28;0.00;0.00;30;20;-0.20;-0.38;-3.73;-2.00;112;112
0.02;29;29;0.00;0.00;30;20;-0.20;-0.38;-3.73;-1.00;110;110
0.01;30;28;0.00;0.00;30;20;-0.20;-0.38;-3.73;-1.00;111;111
0.02;30;28;1.64;0.00;30;20;-0.20;-0.38;-3.74;-1.00;111;111
0.01;29;29;0.00;0.00;30;20;-0.20;-0.38;-3.74;-1.00;111;111
0.02;30;28;0.00;0.00;30;20;-0.20;-0.38;-3.74;-1.00;111;111
0.02;29;29;0.00;0.00;30;20;-0.20;-0.38;-3.74;-1.00;111;111
0.01;29;29;0.00;0.00;30;20;-0.20;-0.38;-3.74;-1.00;111;111
0.02;29;29;0.00;0.00;30;20;-0.20;-0.38;-3.74;-1.00;111;111
0.01;29;29;0.00;0.00;30;20;-0.20;-0.38;-3.74;-1.00;111;111
0.02;29;29;0.00;0.00;30;20;-0.20;-0.38;-3.74;-1.00;111;111
0.02;30;28;0.00;0.00;30;20;-0.20;-0.38;-3.74;-1.00;111;111
0.01;29;29;0.00;0.00;30;20;-0.20;-0.38;-3.74;-1.00;111;111
0.02;29;29;0.00;0.00;30;20;-0.20;-0.38;-3.74;-1.00;111;111
0.02;29;29;0.00;0.00;30;20;-0.20;-0.38;-3.74;-1.00;111;111
0.01;30;28;0.00;0.00;30;20;-0.20;-0.38;-3.74;-1.00;111;111
0.02;30;28;0.00;0.00;30;20;-0.20;-0.38;-3.74;-1.00;111;111
0.01;29;29;0.00;0.00;30;20;-0.20;-0.38;-3.74;-1.00;111;111
0.02;30;28;0.00;0.00;30;20;-0.20;-0.38;-3.74;-1.00;111;111
0.02;29;29;0.00;0.00;30;20;-0.20;-0.38;-3.74;-1.00;111;111
0.01;30;28;0.00;0.00;30;20;-0.20;-0.38;-3.74;-1.00;111;111
0.01;29;29;0.00;0.00;30;20;-0.20;-0.38;-3.74;-1.00;111;111
0.02;29;28;0.00;0.00;30;20;-0.20;-0.38;-3.74;-2.00;112;112
0.02;29;29;0.00;0.00;30;20;-0.20;-0.38;-3.74;-1.00;110;110
0.02;29;29;0.00;0.00;30;20;-0.20;-0.38;-3.74;-1.00;111;111
0.01;29;28;1.64;0.00;30;20;-0.20;-0.38;-3.75;-2.00;112;112
0.01;30;28;0.00;0.00;30;20;-0.20;-0.38;-3.75;-1.00;110;110
0.02;29;29;0.00;0.00;30;20;-0.20;-0.38;-3.75;-1.00;111;111
0.01;29;29;1.64;0.00;30;20;-0.20;-0.38;-3.76;-1.00;111;111
0.01;29;29;0.00;0.00;30;20;-0.20;-0.38;-3.76;-1.00;111;111
0.02;29;29;0.00;0.00;30;20;-0.20;-0.38;-3.76;-1.00;111;111
0.02;29;29;0.00;0.00;30;20;-0.20;-0.38;-3.76;-1.00;111;111
0.01;29;29;0.00;0.00;30;20;-0.20;-0.38;-3.76;-1.00;111;111
0.02;30;28;0.00;0.00;30;20;-0.20;-0.38;-3.76;-1.00;111;111
0.01;29;29;0.00;0.00;30;20;-0.20;-0.38;-3.76;-1.00;111;111
0.02;29;28;0.00;0.00;30;20;-0.20;-0.38;-3.76;-2.00;112;112
0.01;30;28;0.00;0.00;30;20;-0.20;-0.38;-3.76;-1.00;110;110
0.01;29;29;0.00;0.00;30;20;-0.20;-0.38;-3.76;-1.00;111;111
0.02;29;29;0.00;0.00;30;20;-0.20;-0.38;-3.76;-1.00;111;111
0.01;29;29;1.64;0.00;30;20;-0.20;-0.38;-3.76;-1.00;111;111
0.02;29;29;0.00;0.00;30;20;-0.20;-0.38;-3.76;-1.00;111;111
0.02;29;30;0.00;0.00;30;20;-0.20;-0.38;-3.76;-1.00;111;111
0.01;29;29;0.00;0.00;30;20;-0.20;-0.38;-3.76;-1.00;111;111
0.01;29;29;0.00;0.00;30;20;-0.20;-0.38;-3.76;-1.00;111;111
0.02;29;29;0.00;0.00;30;20;-0.20;-0.38;-3.76;-1.00;111;111
0.01;29;29;0.00;0.00;30;20;-0.20;-0.38;-3.76;-1.00;111;111
0.02;29;29;0.00;0.00;30;20;-0.20;-0.38;-3.76;-1.00;111;111
0.01;29;29;0.00;0.00;30;20;-0.20;-0.38;-3.76;-1.00;111;111
0.02;29;29;0.00;0.00;30;20;-0.20;-0.38;-3.76;-1.00;111;111
0.02;29;29;0.00;0.00;30;20;-0.20;-0.38;-3.76;-1.00;111;111
0.01;29;30;0.00;0.00;30;20;-0.20;-0.38;-3.76;-1.00;111;111
0.01;29;29;0.00;0.00;30;20;-0.20;-0.38;-3.76;-1.00;111;111
0.02;29;29;0.00;0.00;30;20;-0.20;-0.38;-3.76;-1.00;111;111
0.01;29;29;0.00;0.00;30;20;-0.20;-0.38;-3.76;-1.00;111;111
0.02;29;29;0.00;0.00;30;20;-0.20;-0.38;-3.76;-1.00;111;111
0.01;29;29;0.00;0.00;30;20;-0.20;-0.38;-3.76;-1.00;111;111
0.01;29;29;0.00;0.00;30;20;-0.20;-0.38;-3.76;-1.00;111;111
0.02;29;29;0.00;0.00;30;20;-0.20;-0.38;-3.76;-1.00;111;111
0.01;29;29;0.00;0.00;30;20;-0.20;-0.38;-3.76;-1.00;111;111
0.01;29;29;0.00;0.00;30;20;-0.20;-0.38;-3.76;-1.00;111;111
0.02;29;30;0.00;0.00;30;20;-0.20;-0.38;-3.76;-1.00;111;111
0.02;29;29;0.00;0.00;30;20;-0.20;-0.38;-3.76;-1.00;111;111
0.01;29;29;0.00;0.00;30;20;-0.20;-0.38;-3.76;-1.00;111;111
0.02;29;29;0.00;0.00;40;20;-0.20;-0.38;-3.76;-11.00;122;122
0.02;29;29;0.00;0.00;40;20;-0.20;-0.38;-3.76;-11.00;121;121
0.02;29;28;0.00;1.64;40;20;-0.20;-0.38;-3.76;-12.00;122;122
0.02;29;30;1.64;0.00;40;20;-0.20;-0.38;-3.76;-11.00;120;120
0.01;29;29;0.00;0.00;40;20;-0.20;-0.38;-3.76;-11.00;121;121
0.02;29;29;0.00;1.64;40;20;-0.20;-0.38;-3.76;-11.00;121;121
0.01;29;28;0.00;0.00;40;20;-0.20;-0.38;-3.76;-12.00;122;122
0.01;29;28;1.64;0.00;40;20;-0.20;-0.38;-3.76;-12.00;122;122
0.02;30;28;1.64;1.64;40;20;-0.21;-0.38;-3.76;-11.00;120;120
0.01;30;28;1.64;1.64;40;20;-0.21;-0.38;-3.76;-11.00;121;121
0.02;29;28;1.64;0.00;40;20;-0.21;-0.38;-3.77;-12.00;122;122
0.01;29;29;1.64;1.64;40;20;-0.21;-0.38;-3.77;-11.00;120;120
0.02;30;29;1.64;0.00;40;20;-0.21;-0.37;-3.78;-11.00;121;121
0.02;30;30;3.27;1.64;40;20;-0.21;-0.37;-3.79;-10.00;119;119
0.02;30;30;1.64;0.00;40;20;-0.21;-0.37;-3.80;-10.00;120;120
0.01;30;29;3.27;0.00;40;20;-0.21;-0.37;-3.81;-11.00;121;121
0.02;30;29;3.27;1.64;40;20;-0.21;-0.37;-3.82;-11.00;121;121
0.01;30;29;3.27;1.64;40;20;-0.21;-0.37;-3.83;-11.00;121;121
0.02;31;30;1.64;1.64;40;20;-0.21;-0.37;-3.83;-10.00;119;119
0.02;31;30;3.27;1.64;40;20;-0.21;-0.37;-3.84;-10.00;120;120
0.02;31;30;3.27;1.64;40;20;-0.21;-0.37;-3.85;-10.00;120;120
0.02;31;30;4.91;3.27;40;20;-0.22;-0.37;-3.86;-10.00;120;120
0.02;31;31;3.27;1.64;40;20;-0.22;-0.37;-3.86;-9.00;118;118
0.01;31;32;3.27;3.27;40;20;-0.22;-0.37;-3.86;-9.00;119;119
0.02;31;33;3.27;1.64;40;20;-0.22;-0.37;-3.87;-8.00;117;117
0.02;31;33;3.27;3.27;40;20;-0.22;-0.36;-3.87;-8.00;118;118
0.01;32;32;3.27;1.64;40;20;-0.22;-0.36;-3.88;-8.00;118;118
0.02;32;33;3.27;1.64;40;20;-0.22;-0.36;-3.89;-8.00;118;118
0.01;32;33;4.91;3.27;40;20;-0.22;-0.36;-3.90;-8.00;118;118
0.02;33;33;3.27;3.27;40;20;-0.22;-0.36;-3.90;-7.00;116;116
0.02;32;33;3.27;3.27;40;20;-0.23;-0.36;-3.90;-8.00;118;118
0.01;32;34;3.27;3.27;40;20;-0.23;-0.36;-3.90;-7.00;116;116
0.02;33;34;4.91;3.27;40;20;-0.23;-0.36;-3.91;-7.00;117;117
0.01;33;34;3.27;4.91;40;20;-0.23;-0.35;-3.90;-7.00;117;117
0.02;33;35;4.91;3.27;40;20;-0.23;-0.35;-3.91;-6.00;115;115
0.02;34;35;4.91;3.27;40;20;-0.23;-0.35;-3.92;-6.00;116;116
0.01;35;36;3.27;4.91;40;20;-0.23;-0.35;-3.91;-5.00;114;114
0.01;34;38;3.27;3.27;40;20;-0.24;-0.35;-3.91;-4.00;113;113
0.02;35;39;4.91;4.91;40;20;-0.24;-0.35;-3.91;-3.00;112;112
0.01;35;35;4.91;4.91;40;20;-0.24;-0.35;-3.91;-5.00;115;115
0.02;35;36;4.91;3.27;40;20;-0.24;-0.34;-3.92;-5.00;115;115
0.01;36;37;4.91;4.91;40;20;-0.24;-0.34;-3.92;-4.00;113;113
0.02;36;37;4.91;4.91;40;20;-0.24;-0.34;-3.92;-4.00;114;114
0.02;39;38;4.91;3.27;40;20;-0.25;-0.34;-3.92;-2.00;111;111
0.01;37;37;4.91;3.27;40;20;-0.25;-0.34;-3.93;-3.00;113;113
0.01;37;38;4.91;4.91;40;20;-0.25;-0.34;-3.93;-3.00;113;113
0.02;41;39;4.91;4.91;40;20;-0.25;-0.33;-3.93;0.00;110;110
0.01;38;38;4.91;4.91;40;20;-0.25;-0.33;-3.93;-2.00;112;112
0.02;38;40;4.91;3.27;40;20;-0.25;-0.33;-3.94;-1.00;110;110
0.02;38;40;4.91;3.27;40;20;-0.25;-0.33;-3.95;-1.00;111;111
0.01;38;39;4.91;4.91;40;20;-0.26;-0.33;-3.95;-2.00;112;112
0.02;38;40;3.27;3.27;40;20;-0.26;-0.33;-3.95;-1.00;110;110
0.02;39;41;4.91;4.91;40;20;-0.26;-0.32;-3.95;0.00;110;110
0.01;39;41;3.27;3.27;40;20;-0.26;-0.32;-3.95;0.00;110;110
0.02;40;41;3.27;3.27;40;20;-0.26;-0.32;-3.95;0.00;110;110
0.01;39;42;1.64;3.27;40;20;-0.26;-0.32;-3.94;0.00;110;110
0.01;40;43;3.27;3.27;40;20;-0.26;-0.32;-3.94;1.00;111;111
0.02;40;43;3.27;1.64;40;20;-0.26;-0.32;-3.95;1.00;111;111
0.01;40;44;3.27;3.27;40;20;-0.27;-0.32;-3.95;2.00;112;112
0.01;41;43;1.64;1.64;40;20;-0.27;-0.32;-3.95;2.00;112;112
0.02;41;47;1.64;0.00;40;20;-0.27;-0.32;-3.96;4.00;114;114
0.01;41;42;1.64;0.00;40;20;-0.27;-0.32;-3.97;1.00;110;110
0.02;42;42;0.00;0.00;40;20;-0.27;-0.32;-3.97;2.00;112;112
0.01;41;43;0.00;0.00;40;20;-0.27;-0.32;-3.97;2.00;112;112
0.01;41;44;0.00;0.00;40;20;-0.27;-0.32;-3.97;2.00;112;112
0.02;41;43;0.00;0.00;40;20;-0.27;-0.32;-3.97;2.00;112;112
0.01;41;44;0.00;1.64;40;20;-0.27;-0.32;-3.96;2.00;112;112
0.01;41;47;1.64;0.00;40;20;-0.27;-0.32;-3.97;4.00;114;114
0.02;41;42;0.00;0.00;40;20;-0.27;-0.32;-3.97;1.00;110;110
0.01;41;43;1.64;0.00;40;20;-0.27;-0.32;-3.97;2.00;112;112
0.01;41;43;0.00;0.00;40;20;-0.27;-0.32;-3.97;2.00;112;112
0.02;40;42;1.64;0.00;40;20;-0.27;-0.32;-3.98;1.00;110;110
0.01;41;43;0.00;1.64;40;20;-0.27;-0.32;-3.97;2.00;112;112
0.01;41;42;1.64;0.00;40;20;-0.27;-0.32;-3.98;1.00;110;110
0.02;41;42;0.00;0.00;40;20;-0.27;-0.32;-3.98;1.00;111;111
0.01;40;41;1.64;0.00;40;20;-0.27;-0.32;-3.99;0.00;110;110
0.02;40;42;0.00;0.00;40;20;-0.27;-0.32;-3.99;1.00;111;111
0.01;40;41;0.00;0.00;40;20;-0.27;-0.32;-3.99;0.00;110;110
0.01;41;41;0.00;1.64;40;20;-0.27;-0.31;-3.98;1.00;111;111
0.02;40;42;0.00;0.00;40;20;-0.27;-0.31;-3.98;1.00;111;111
0.01;40;41;0.00;0.00;40;20;-0.27;-0.31;-3.98;0.00;110;110
0.01;41;42;0.00;0.00;40;20;-0.27;-0.31;-3.98;1.00;111;111
0.02;41;41;0.00;0.00;40;20;-0.27;-0.31;-3.98;1.00;111;111
0.01;40;41;0.00;0.00;40;20;-0.27;-0.31;-3.98;0.00;110;110
0.01;41;42;0.00;0.00;40;20;-0.27;-0.31;-3.98;1.00;111;111
0.02;41;42;0.00;0.00;40;20;-0.27;-0.31;-3.98;1.00;111;111
0.01;41;41;0.00;0.00;40;20;-0.27;-0.31;-3.98;1.00;111;111
0.02;41;41;0.00;0.00;40;20;-0.27;-0.31;-3.98;1.00;111;111
0.01;41;41;0.00;0.00;40;20;-0.27;-0.31;-3.98;1.00;111;111
0.01;40;41;0.00;0.00;40;20;-0.27;-0.31;-3.98;0.00;110;110
0.02;41;42;0.00;0.00;40;20;-0.27;-0.31;-3.98;1.00;111;111
0.01;40;41;0.00;0.00;40;20;-0.27;-0.31;-3.98;0.00;110;110
0.01;41;42;0.00;0.00;40;20;-0.27;-0.31;-3.98;1.00;111;111
0.02;41;41;0.00;0.00;40;20;-0.27;-0.31;-3.98;1.00;111;111
0.01;41;42;0.00;0.00;40;20;-0.27;-0.31;-3.98;1.00;111;111
0.01;41;41;0.00;0.00;40;20;-0.27;-0.31;-3.98;1.00;111;111
0.02;41;42;0.00;0.00;40;20;-0.27;-0.31;-3.98;1.00;111;111
0.01;40;41;0.00;0.00;40;20;-0.27;-0.31;-3.98;0.00;110;110
0.01;41;42;0.00;0.00;40;20;-0.27;-0.31;-3.98;1.00;111;111
0.02;41;42;0.00;0.00;40;20;-0.27;-0.31;-3.98;1.00;111;111
0.01;41;41;0.00;0.00;40;20;-0.27;-0.31;-3.98;1.00;111;111
0.02;40;41;0.00;0.00;40;20;-0.27;-0.31;-3.98;0.00;110;110
0.01;40;42;0.00;0.00;40;20;-0.27;-0.31;-3.98;1.00;111;111
0.01;41;42;0.00;0.00;40;20;-0.27;-0.31;-3.98;1.00;111;111
0.02;41;42;0.00;0.00;40;20;-0.27;-0.31;-3.98;1.00;111;111
0.01;40;42;0.00;0.00;40;20;-0.27;-0.31;-3.98;1.00;111;111
0.01;41;42;0.00;0.00;40;20;-0.27;-0.31;-3.98;1.00;111;111
0.02;41;42;0.00;0.00;40;20;-0.27;-0.31;-3.98;1.00;111;111
0.01;41;42;0.00;0.00;40;20;-0.27;-0.31;-3.98;1.00;111;111
0.01;41;42;0.00;0.00;40;20;-0.27;-0.31;-3.98;1.00;111;111
0.02;40;41;0.00;0.00;40;20;-0.27;-0.31;-3.98;0.00;110;110
0.01;40;42;0.00;0.00;40;20;-0.27;-0.31;-3.98;1.00;111;111
0.01;41;41;0.00;0.00;40;20;-0.27;-0.31;-3.98;1.00;111;111
0.02;41;42;0.00;0.00;40;20;-0.27;-0.31;-3.98;1.00;111;111
0.01;41;41;0.00;0.00;40;20;-0.27;-0.31;-3.98;1.00;111;111
0.02;41;42;0.00;0.00;40;20;-0.27;-0.31;-3.98;1.00;111;111
0.01;41;41;0.00;0.00;40;20;-0.27;-0.31;-3.98;1.00;111;111
0.01;40;41;0.00;0.00;40;20;-0.27;-0.31;-3.98;0.00;110;110
0.02;40;41;0.00;0.00;40;20;-0.27;-0.31;-3.98;0.00;110;110
0.01;41;43;0.00;0.00;40;20;-0.27;-0.31;-3.98;2.00;112;112
0.01;41;42;0.00;0.00;40;20;-0.27;-0.31;-3.98;1.00;110;110
0.02;41;42;0.00;0.00;40;20;-0.27;-0.31;-3.98;1.00;111;111
0.01;40;41;0.00;0.00;40;20;-0.27;-0.31;-3.98;0.00;110;110
0.01;40;41;0.00;0.00;40;20;-0.27;-0.31;-3.98;0.00;110;110
0.02;40;41;0.00;0.00;40;20;-0.27;-0.31;-3.98;0.00;110;110
0.01;40;41;0.00;0.00;40;20;-0.27;-0.31;-3.98;0.00;110;110
0.02;40;41;0.00;0.00;40;20;-0.27;-0.31;-3.98;0.00;110;110
0.01;40;42;0.00;0.00;40;20;-0.27;-0.31;-3.98;1.00;111;111
0.01;40;41;0.00;0.00;40;20;-0.27;-0.31;-3.98;0.00;110;110
0.02;40;42;0.00;0.00;40;20;-0.27;-0.31;-3.98;1.00;111;111
0.01;40;41;0.00;0.00;40;20;-0.27;-0.31;-3.98;0.00;110;110
0.01;40;41;0.00;0.00;40;20;-0.27;-0.31;-3.98;0.00;110;110
0.02;40;42;0.00;0.00;40;20;-0.27;-0.31;-3.98;1.00;111;111
0.01;40;41;0.00;0.00;40;20;-0.27;-0.31;-3.98;0.00;110;110
0.01;40;41;0.00;0.00;40;20;-0.27;-0.31;-3.98;0.00;110;110
0.02;40;41;0.00;0.00;40;20;-0.27;-0.31;-3.98;0.00;110;110
0.01;40;41;0.00;0.00;40;20;-0.27;-0.31;-3.98;0.00;110;110
0.01;40;42;0.00;0.00;40;20;-0.27;-0.31;-3.98;1.00;111;111
0.02;40;41;0.00;0.00;40;20;-0.27;-0.31;-3.98;0.00;110;110
0.01;40;42;0.00;0.00;40;20;-0.27;-0.31;-3.98;1.00;111;111
0.02;40;41;0.00;0.00;40;20;-0.27;-0.31;-3.98;0.00;110;110
0.01;40;42;0.00;0.00;40;20;-0.27;-0.31;-3.98;1.00;111;111
0.01;40;41;0.00;0.00;40;20;-0.27;-0.31;-3.98;0.00;110;110
0.02;40;42;0.00;0.00;40;20;-0.27;-0.31;-3.98;1.00;111;111
0.01;40;41;0.00;0.00;40;20;-0.27;-0.31;-3.98;0.00;110;110
0.01;40;42;0.00;0.00;40;20;-0.27;-0.31;-3.98;1.00;111;111
0.02;40;41;0.00;0.00;40;20;-0.27;-0.31;-3.98;0.00;110;110
0.01;40;41;0.00;0.00;40;20;-0.27;-0.31;-3.98;0.00;110;110
0.01;40;41;0.00;0.00;40;20;-0.27;-0.31;-3.98;0.00;110;110
0.02;40;42;0.00;0.00;40;20;-0.27;-0.31;-3.98;1.00;111;111
0.01;40;42;0.00;0.00;40;20;-0.27;-0.31;-3.98;1.00;111;111
0.02;40;42;0.00;0.00;40;20;-0.27;-0.31;-3.98;1.00;111;111
0.01;40;42;0.00;0.00;40;20;-0.27;-0.31;-3.98;1.00;111;111
0.01;40;41;0.00;0.00;40;20;-0.27;-0.31;-3.98;0.00;110;110
0.02;40;42;0.00;0.00;40;20;-0.27;-0.31;-3.98;1.00;111;111
0.01;40;42;0.00;0.00;40;20;-0.27;-0.31;-3.98;1.00;111;111
0.01;40;43;0.00;0.00;40;20;-0.27;-0.31;-3.98;1.00;111;111
0.02;40;43;0.00;0.00;40;20;-0.27;-0.31;-3.98;1.00;111;111
0.01;40;42;0.00;0.00;40;20;-0.27;-0.31;-3.98;1.00;111;111
0.01;40;41;0.00;0.00;40;20;-0.27;-0.31;-3.98;0.00;110;110
0.01;40;41;0.00;0.00;40;20;-0.27;-0.31;-3.98;0.00;110;110
0.01;40;42;0.00;0.00;40;20;-0.27;-0.31;-3.98;1.00;111;111
0.01;40;41;0.00;0.00;40;20;-0.27;-0.31;-3.98;0.00;110;110
0.02;40;41;0.00;0.00;40;20;-0.27;-0.31;-3.98;0.00;110;110
0.01;40;41;0.00;0.00;40;20;-0.27;-0.31;-3.98;0.00;110;110
0.02;40;42;0.00;0.00;40;20;-0.27;-0.31;-3.98;1.00;111;111
0.01;40;41;0.00;0.00;40;20;-0.27;-0.31;-3.98;0.00;110;110
0.01;40;42;0.00;0.00;40;20;-0.27;-0.31;-3.98;1.00;111;111
0.02;40;42;0.00;0.00;40;20;-0.27;-0.31;-3.98;1.00;111;111
0.01;40;42;0.00;0.00;40;20;-0.27;-0.31;-3.98;1.00;111;111
0.01;40;42;0.00;0.00;40;20;-0.27;-0.31;-3.98;1.00;111;111
0.02;40;42;0.00;0.00;40;20;-0.27;-0.31;-3.98;1.00;111;111
0.01;41;42;0.00;0.00;40;20;-0.27;-0.31;-3.98;1.00;111;111
0.01;40;41;0.00;0.00;40;20;-0.27;-0.31;-3.98;0.00;110;110
0.02;41;41;0.00;0.00;40;20;-0.27;-0.31;-3.98;1.00;111;111
0.01;40;42;0.00;0.00;40;20;-0.27;-0.31;-3.98;1.00;111;111
0.02;40;42;0.00;0.00;40;20;-0.27;-0.31;-3.98;1.00;111;111
0.01;40;41;0.00;0.00;40;20;-0.27;-0.31;-3.98;0.00;110;110
0.01;40;41;0.00;0.00;40;20;-0.27;-0.31;-3.98;0.00;110;110
0.02;40;42;0.00;0.00;40;20;-0.27;-0.31;-3.98;1.00;111;111
0.01;40;41;0.00;0.00;40;20;-0.27;-0.31;-3.98;0.00;110;110
0.01;40;41;0.00;0.00;40;20;-0.27;-0.31;-3.98;0.00;110;110
0.02;40;42;0.00;0.00;40;20;-0.27;-0.31;-3.98;1.00;111;111
0.01;40;42;0.00;0.00;40;20;-0.27;-0.31;-3.98;1.00;111;111
0.01;40;42;0.00;0.00;40;20;-0.27;-0.31;-3.98;1.00;111;111
0.02;40;42;0.00;0.00;40;20;-0.27;-0.31;-3.98;1.00;111;111
0.01;40;41;0.00;0.00;40;20;-0.27;-0.31;-3.98;0.00;110;110
0.01;40;42;0.00;0.00;40;20;-0.27;-0.31;-3.98;1.00;111;111
0.02;40;41;0.00;0.00;40;20;-0.27;-0.31;-3.98;0.00;110;110
0.01;40;41;0.00;0.00;40;20;-0.27;-0.31;-3.98;0.00;110;110
0.02;40;41;0.00;0.00;40;20;-0.27;-0.31;-3.98;0.00;110;110
0.01;40;41;0.00;0.00;40;20;-0.27;-0.31;-3.98;0.00;110;110
0.01;40;41;0.00;0.00;40;20;-0.27;-0.31;-3.98;0.00;110;110
0.02;40;41;0.00;0.00;40;20;-0.27;-0.31;-3.98;0.00;110;110
0.01;40;42;0.00;0.00;40;20;-0.27;-0.31;-3.98;1.00;111;111
0.01;40;42;0.00;0.00;40;20;-0.27;-0.31;-3.98;1.00;111;111
0.02;40;42;0.00;0.00;40;20;-0.27;-0.31;-3.98;1.00;111;111
0.01;40;43;0.00;0.00;40;20;-0.27;-0.31;-3.98;1.00;111;111
0.01;40;41;0.00;0.00;40;20;-0.27;-0.31;-3.98;0.00;110;110
0.02;40;41;0.00;0.00;40;20;-0.27;-0.31;-3.98;0.00;110;110
0.01;40;41;0.00;0.00;40;20;-0.27;-0.31;-3.98;0.00;110;110
0.02;40;41;0.00;0.00;40;20;-0.27;-0.31;-3.98;0.00;110;110
0.01;40;42;0.00;0.00;40;20;-0.27;-0.31;-3.98;1.00;111;111
0.01;41;41;0.00;0.00;40;20;-0.27;-0.31;-3.98;1.00;111;111
0.02;40;41;0.00;0.00;40;20;-0.27;-0.31;-3.98;0.00;110;110
0.01;40;41;0.00;0.00;40;20;-0.27;-0.31;-3.98;0.00;110;110
0.01;40;42;0.00;0.00;40;20;-0.27;-0.31;-3.98;1.00;111;111
0.02;41;41;0.00;0.00;40;20;-0.27;-0.31;-3.98;1.00;111;111
0.01;40;42;0.00;0.00;40;20;-0.27;-0.31;-3.98;1.00;111;111
0.01;40;42;0.00;0.00;40;20;-0.27;-0.31;-3.98;1.00;111;111
0.02;40;41;0.00;0.00;40;20;-0.27;-0.31;-3.98;0.00;110;110
0.01;41;43;0.00;0.00;40;20;-0.27;-0.31;-3.98;2.00;112;112
0.01;41;42;0.00;0.00;40;20;-0.27;-0.31;-3.98;1.00;110;110
0.02;40;42;0.00;0.00;40;20;-0.27;-0.31;-3.98;1.00;111;111
0.01;40;41;0.00;0.00;40;20;-0.27;-0.31;-3.98;0.00;110;110
0.02;40;42;0.00;0.00;40;20;-0.27;-0.31;-3.98;1.00;111;111
0.01;40;41;0.00;0.00;40;20;-0.27;-0.31;-3.98;0.00;110;110
0.01;41;43;0.00;0.00;40;20;-0.27;-0.31;-3.98;2.00;112;112
0.02;41;41;0.00;0.00;40;20;-0.27;-0.31;-3.98;1.00;110;110
0.01;41;42;0.00;0.00;40;20;-0.27;-0.31;-3.98;1.00;111;111
0.01;40;41;0.00;0.00;40;20;-0.27;-0.31;-3.98;0.00;110;110
0.02;41;41;0.00;0.00;40;20;-0.27;-0.31;-3.98;1.00;111;111
0.01;41;43;0.00;0.00;40;20;-0.27;-0.31;-3.98;2.00;112;112
0.01;41;41;0.00;0.00;40;20;-0.27;-0.31;-3.98;1.00;110;110
0.02;41;41;0.00;0.00;40;20;-0.27;-0.31;-3.98;1.00;111;111
0.01;40;42;0.00;0.00;40;20;-0.27;-0.31;-3.98;1.00;111;111
0.01;40;43;0.00;0.00;40;20;-0.27;-0.31;-3.98;1.00;111;111
0.02;40;42;0.00;0.00;40;20;-0.27;-0.31;-3.98;1.00;111;111
0.01;40;42;0.00;0.00;40;20;-0.27;-0.31;-3.98;1.00;111;111
0.02;40;41;0.00;0.00;40;20;-0.27;-0.31;-3.98;0.00;110;110
0.01;40;42;0.00;0.00;40;20;-0.27;-0.31;-3.98;1.00;111;111
0.01;41;42;0.00;0.00;40;20;-0.27;-0.31;-3.98;1.00;111;111
0.02;41;41;0.00;0.00;40;20;-0.27;-0.31;-3.98;1.00;111;111
0.01;41;41;0.00;0.00;40;20;-0.27;-0.31;-3.98;1.00;111;111
0.01;40;42;0.00;0.00;40;20;-0.27;-0.31;-3.98;1.00;111;111
0.02;40;41;0.00;0.00;40;20;-0.27;-0.31;-3.98;0.00;110;110
0.01;41;41;0.00;0.00;40;20;-0.27;-0.31;-3.98;1.00;111;111
0.01;41;41;0.00;0.00;40;20;-0.27;-0.31;-3.98;1.00;111;111
0.02;41;41;0.00;0.00;40;20;-0.27;-0.31;-3.98;1.00;111;111
0.01;41;42;0.00;0.00;40;20;-0.27;-0.31;-3.98;1.00;111;111
0.02;40;41;0.00;0.00;40;20;-0.27;-0.31;-3.98;0.00;110;110
0.01;41;42;0.00;0.00;40;20;-0.27;-0.31;-3.98;1.00;111;111
0.01;41;42;0.00;0.00;40;20;-0.27;-0.31;-3.98;1.00;111;111
0.02;41;42;0.00;0.00;40;20;-0.27;-0.31;-3.98;1.00;111;111
0.01;41;42;0.00;0.00;40;20;-0.27;-0.31;-3.98;1.00;111;111
0.01;40;41;0.00;0.00;40;20;-0.27;-0.31;-3.98;0.00;110;110
0.02;41;42;0.00;0.00;40;20;-0.27;-0.31;-3.98;1.00;111;111
0.01;40;41;0.00;0.00;40;20;-0.27;-0.31;-3.98;0.00;110;110
0.01;41;42;0.00;0.00;40;20;-0.27;-0.31;-3.98;1.00;111;111
0.02;40;42;0.00;0.00;40;20;-0.27;-0.31;-3.98;1.00;111;111
0.01;40;42;0.00;0.00;40;20;-0.27;-0.31;-3.98;1.00;111;111
0.01;40;41;0.00;0.00;40;20;-0.27;-0.31;-3.98;0.00;110;110
0.02;40;41;0.00;0.00;40;20;-0.27;-0.31;-3.98;0.00;110;110
0.01;41;42;0.00;0.00;40;20;-0.27;-0.31;-3.98;1.00;111;111
0.02;40;41;0.00;0.00;40;20;-0.27;-0.31;-3.98;0.00;110;110
0.01;40;42;0.00;0.00;40;20;-0.27;-0.31;-3.98;1.00;111;111
0.01;40;42;0.00;0.00;40;20;-0.27;-0.31;-3.98;1.00;111;111
0.02;41;42;0.00;0.00;40;20;-0.27;-0.31;-3.98;1.00;111;111
0.01;41;42;0.00;0.00;40;20;-0.27;-0.31;-3.98;1.00;111;111
0.01;40;42;0.00;0.00;40;20;-0.27;-0.31;-3.98;1.00;111;111
0.02;41;42;0.00;0.00;40;20;-0.27;-0.31;-3.98;1.00;111;111
0.01;40;42;0.00;0.00;40;20;-0.27;-0.31;-3.98;1.00;111;111
0.01;41;42;0.00;0.00;40;20;-0.27;-0.31;-3.98;1.00;111;111
0.02;40;42;0.00;0.00;40;20;-0.27;-0.31;-3.98;1.00;111;111
0.01;40;43;0.00;0.00;40;20;-0.27;-0.31;-3.98;1.00;111;111
0.02;41;43;0.00;0.00;40;20;-0.27;-0.31;-3.98;2.00;112;112
0.01;41;41;0.00;0.00;40;20;-0.27;-0.31;-3.98;1.00;110;110
0.01;41;41;0.00;0.00;20;20;-0.27;-0.31;-3.98;21.00;133;133
0.02;40;42;0.00;1.64;20;20;-0.27;-0.31;-3.97;21.00;131;131
0.01;41;42;0.00;0.00;20;20;-0.27;-0.31;-3.97;21.00;131;131
0.01;41;41;1.64;0.00;20;20;-0.27;-0.31;-3.98;21.00;131;131
0.02;41;42;0.00;0.00;20;20;-0.27;-0.31;-3.98;21.00;131;131
0.02;40;42;1.64;1.64;20;20;-0.27;-0.31;-3.98;21.00;131;131
0.01;40;41;0.00;0.00;20;20;-0.27;-0.31;-3.98;20.00;129;129
0.02;40;42;0.00;1.64;20;20;-0.27;-0.31;-3.97;21.00;131;131
0.01;40;42;1.64;1.64;20;20;-0.27;-0.31;-3.97;21.00;131;131
0.02;40;40;1.64;1.64;20;20;-0.27;-0.31;-3.97;20.00;129;129
0.01;40;41;1.64;1.64;20;20;-0.27;-0.31;-3.97;20.00;130;130
0.01;39;40;1.64;1.64;20;20;-0.27;-0.31;-3.97;19.00;128;128
0.02;39;41;1.64;1.64;20;20;-0.27;-0.31;-3.97;20.00;130;130
0.01;39;40;3.27;1.64;20;20;-0.27;-0.31;-3.98;19.00;128;128
0.02;39;40;1.64;3.27;20;20;-0.27;-0.31;-3.97;19.00;129;129
0.02;40;40;3.27;1.64;20;20;-0.28;-0.31;-3.98;20.00;130;130
0.01;39;40;1.64;3.27;20;20;-0.28;-0.31;-3.97;19.00;128;128
0.01;39;39;3.27;3.27;20;20;-0.28;-0.31;-3.97;19.00;129;129
0.02;38;40;3.27;3.27;20;20;-0.28;-0.30;-3.97;19.00;129;129
0.01;38;39;3.27;1.64;20;20;-0.28;-0.30;-3.98;18.00;127;127
0.02;38;39;3.27;3.27;20;20;-0.28;-0.30;-3.98;18.00;128;128
0.01;38;39;3.27;3.27;20;20;-0.28;-0.30;-3.98;18.00;128;128
0.02;38;39;3.27;4.91;20;20;-0.28;-0.30;-3.97;18.00;128;128
0.02;37;39;3.27;3.27;20;20;-0.28;-0.30;-3.97;18.00;128;128
0.01;38;39;3.27;3.27;20;20;-0.29;-0.30;-3.97;18.00;128;128
0.01;38;38;4.91;3.27;20;20;-0.29;-0.30;-3.98;18.00;128;128
0.02;40;37;3.27;3.27;20;20;-0.29;-0.29;-3.98;18.00;128;128
0.02;40;37;4.91;4.91;20;20;-0.29;-0.29;-3.98;18.00;128;128
0.01;36;36;3.27;3.27;20;20;-0.29;-0.29;-3.98;16.00;125;125
0.02;36;36;4.91;4.91;20;20;-0.29;-0.29;-3.98;16.00;126;126
0.01;36;36;4.91;4.91;20;20;-0.29;-0.29;-3.98;16.00;126;126
0.02;35;36;4.91;3.27;20;20;-0.30;-0.29;-3.99;15.00;124;124
0.01;35;35;4.91;3.27;20;20;-0.30;-0.28;-4.00;15.00;125;125
0.01;35;35;4.91;4.91;20;20;-0.30;-0.28;-4.00;15.00;125;125
0.02;35;35;4.91;4.91;20;20;-0.30;-0.28;-4.00;15.00;125;125
0.02;34;34;4.91;4.91;20;20;-0.30;-0.28;-4.00;14.00;123;123
0.01;34;34;4.91;4.91;20;20;-0.30;-0.28;-4.00;14.00;124;124
0.02;34;35;4.91;4.91;20;20;-0.30;-0.27;-4.00;14.00;124;124
0.01;33;33;6.54;4.91;20;20;-0.31;-0.27;-4.01;13.00;122;122
0.02;33;33;4.91;4.91;20;20;-0.31;-0.27;-4.01;13.00;123;123
0.01;33;33;4.91;4.91;20;20;-0.31;-0.27;-4.01;13.00;123;123
0.01;32;32;6.54;4.91;20;20;-0.31;-0.27;-4.01;12.00;121;121
0.02;32;31;4.91;4.91;20;20;-0.31;-0.26;-4.01;11.00;120;120
0.01;33;32;6.54;4.91;20;20;-0.32;-0.26;-4.02;12.00;122;122
0.02;31;30;4.91;4.91;20;20;-0.32;-0.26;-4.02;10.00;119;119
0.02;31;31;4.91;4.91;20;20;-0.32;-0.26;-4.02;11.00;121;121
0.01;30;30;6.54;4.91;20;20;-0.32;-0.26;-4.03;10.00;119;119
0.01;30;34;4.91;4.91;20;20;-0.32;-0.25;-4.03;12.00;122;122
0.02;31;33;4.91;4.91;20;20;-0.32;-0.25;-4.03;12.00;122;122
0.01;29;32;6.54;4.91;20;20;-0.33;-0.25;-4.04;10.00;119;119
0.02;29;30;4.91;4.91;20;20;-0.33;-0.25;-4.04;9.00;118;118
0.01;29;28;4.91;3.27;20;20;-0.33;-0.25;-4.05;8.00;117;117
0.01;28;27;6.54;4.91;20;20;-0.33;-0.24;-4.05;7.00;116;116
0.02;28;28;6.54;4.91;20;20;-0.33;-0.24;-4.06;8.00;118;118
0.01;28;27;4.91;3.27;20;20;-0.33;-0.24;-4.07;7.00;116;116
0.01;28;27;6.54;3.27;20;20;-0.33;-0.24;-4.09;7.00;117;117
0.02;27;27;6.54;3.27;20;20;-0.34;-0.24;-4.10;7.00;117;117
0.01;27;26;6.54;4.91;20;20;-0.34;-0.23;-4.11;6.00;115;115
0.01;26;26;6.54;4.91;20;20;-0.34;-0.23;-4.12;6.00;116;116
0.02;25;25;6.54;4.91;20;20;-0.34;-0.23;-4.13;5.00;114;114
0.01;26;25;4.91;4.91;20;20;-0.34;-0.23;-4.13;5.00;115;115
0.01;25;25;4.91;4.91;20;20;-0.34;-0.23;-4.13;5.00;115;115
0.02;25;25;6.54;4.91;20;20;-0.34;-0.22;-4.14;5.00;115;115
0.01;24;23;6.54;4.91;20;20;-0.35;-0.22;-4.14;3.00;112;112
0.02;25;23;6.54;4.91;20;20;-0.35;-0.22;-4.15;4.00;114;114
0.01;24;22;6.54;3.27;20;20;-0.35;-0.22;-4.17;3.00;112;112
0.01;23;22;4.91;4.91;20;20;-0.35;-0.21;-4.17;2.00;111;111
0.02;23;22;6.54;4.91;20;20;-0.35;-0.21;-4.18;2.00;112;112
0.01;23;21;6.54;4.91;20;20;-0.35;-0.21;-4.18;2.00;112;112
0.01;23;21;6.54;3.27;20;20;-0.35;-0.21;-4.20;2.00;112;112
0.02;22;21;6.54;4.91;20;20;-0.36;-0.20;-4.21;1.00;110;110
0.01;24;22;4.91;4.91;20;20;-0.36;-0.20;-4.21;3.00;113;113
0.01;25;21;6.54;3.27;20;20;-0.36;-0.20;-4.23;3.00;113;113
0.02;25;20;6.54;4.91;20;20;-0.36;-0.20;-4.23;2.00;111;111
0.01;25;19;4.91;4.91;20;20;-0.36;-0.20;-4.23;2.00;112;112
0.02;26;19;6.54;3.27;20;20;-0.36;-0.19;-4.25;2.00;112;112
0.01;26;18;4.91;4.91;20;20;-0.36;-0.19;-4.25;2.00;112;112
0.01;26;18;4.91;4.91;20;20;-0.36;-0.19;-4.25;2.00;112;112
0.02;25;18;6.54;3.27;20;20;-0.36;-0.19;-4.27;1.00;110;110
0.01;21;19;4.91;3.27;20;20;-0.37;-0.18;-4.28;0.00;110;110
0.01;25;21;4.91;3.27;20;20;-0.37;-0.18;-4.28;3.00;113;113
0.02;20;46;4.91;3.27;20;20;-0.37;-0.18;-4.29;13.00;124;124
0.01;21;26;6.54;4.91;20;20;-0.37;-0.18;-4.30;3.00;111;111
0.01;20;23;4.91;3.27;20;20;-0.37;-0.18;-4.31;1.00;110;110
0.02;25;22;6.54;4.91;20;20;-0.37;-0.17;-4.32;3.00;113;113
0.01;21;21;4.91;3.27;20;20;-0.37;-0.17;-4.32;1.00;110;110
0.01;25;19;4.91;4.91;20;20;-0.37;-0.17;-4.32;2.00;112;112
0.02;24;18;4.91;3.27;20;20;-0.37;-0.17;-4.33;1.00;110;110
0.01;25;19;4.91;3.27;20;20;-0.37;-0.17;-4.34;2.00;112;112
0.02;25;19;4.91;4.91;20;20;-0.37;-0.16;-4.34;2.00;112;112
0.01;148;22;8.18;4.91;20;20;-0.38;-0.16;-4.36;65.00;183;183
0.01;121;93;6.54;4.91;20;20;-0.38;-0.16;-4.37;87.00;199;199
0.02;19;47;6.54;4.91;20;20;-0.38;-0.16;-4.37;13.00;115;115
0.01;147;21;11.45;8.18;20;20;-0.38;-0.15;-4.38;64.00;181;181
0.02;75;21;3.27;3.27;20;20;-0.38;-0.15;-4.38;28.00;133;133
0.02;85;19;6.54;4.91;20;20;-0.38;-0.15;-4.39;32.00;142;142
0.01;97;18;6.54;4.91;20;20;-0.38;-0.15;-4.40;37.00;147;147
0.01;79;46;6.54;4.91;20;20;-0.38;-0.14;-4.40;42.00;152;152
0.02;86;124;8.18;6.54;20;20;-0.38;-0.14;-4.41;85.00;200;200
0.02;148;148;9.82;6.54;20;20;-0.38;-0.14;-4.43;128.00;242;242
0.02;146;20;6.54;4.91;20;20;-0.38;-0.13;-4.44;63.00;167;167
0.01;126;98;9.82;6.54;20;20;-0.39;-0.13;-4.46;92.00;205;205
0.02;82;17;4.91;4.91;20;20;-0.39;-0.12;-4.46;29.00;132;132
0.01;105;15;4.91;4.91;20;20;-0.39;-0.12;-4.46;40.00;151;151
0.01;135;145;11.45;9.82;20;20;-0.39;-0.12;-4.47;120.00;240;240
0.02;142;11;6.54;4.91;20;20;-0.39;-0.11;-4.48;56.00;160;160
0.01;130;158;9.82;9.82;20;20;-0.39;-0.11;-4.48;124.00;243;243
0.02;149;145;11.45;11.45;20;20;-0.39;-0.10;-4.48;127.00;237;237
0.02;147;125;11.45;9.82;20;20;-0.39;-0.09;-4.49;116.00;225;225
0.02;147;143;13.09;11.45;20;20;-0.40;-0.08;-4.50;125.00;235;235
0.02;143;142;13.09;11.45;20;20;-0.40;-0.08;-4.52;122.00;231;231
0.02;119;10;6.54;6.54;20;20;-0.40;-0.07;-4.52;44.00;147;147
0.01;124;140;13.09;9.82;20;20;-0.40;-0.07;-4.53;112.00;232;232
0.02;143;136;13.09;9.82;20;20;-0.40;-0.06;-4.55;119.00;229;229
0.02;136;145;13.09;11.45;20;20;-0.40;-0.05;-4.57;120.00;230;230
0.02;139;141;13.09;11.45;20;20;-0.40;-0.04;-4.58;120.00;230;230
0.02;139;93;11.45;11.45;20;20;-0.40;-0.03;-4.58;96.00;203;203
0.02;133;155;13.09;11.45;20;20;-0.41;-0.02;-4.59;124.00;236;236
0.02;129;3;8.18;8.18;20;20;-0.41;-0.02;-4.59;46.00;148;148
0.01;116;4;6.54;6.54;20;20;-0.41;-0.02;-4.59;40.00;149;149
0.01;102;4;9.82;8.18;20;20;-0.41;-0.01;-4.60;33.00;142;142
0.01;135;1;9.82;9.82;20;20;-0.41;-0.01;-4.60;48.00;160;160
0.02;101;92;13.09;9.82;20;20;-0.41;-0.00;-4.61;76.00;189;189
0.02;134;248;18.00;13.09;20;20;-0.41;0.01;-4.64;171.00;292;292
0.03;7;119;8.18;6.54;20;20;-0.41;0.01;-4.66;43.00;144;144
0.01;5;125;8.18;6.54;20;20;-0.41;0.02;-4.66;45.00;155;155
0.01;4;2189;88.35;45.81;20;20;-0.40;0.05;-4.86;1076.00;1333;1333
0.14;4;2181;76.90;8.18;20;20;-0.41;-0.14;-7.89;1072.00;1181;1181
0.13;5;2224;60.54;3.27;20;20;-0.49;-0.02;-10.41;1094.00;1204;1204
0.14;4;2249;63.81;3.27;20;20;-0.36;-0.10;-13.12;1106.00;1216;1216
0.14;3;2260;67.08;1.64;20;20;-0.51;-0.05;-16.06;1111.00;1221;1221
0.14;3;2258;70.36;13.09;20;20;-0.32;-0.01;-18.64;1110.00;1219;1219
0.14;4;2247;67.08;26.18;20;20;-0.34;-0.22;-20.52;1105.00;1214;1214
0.14;5;2242;68.72;27.82;20;20;-0.55;-0.15;-22.35;1103.00;1212;1212
0.14;5;2241;70.36;22.91;20;20;-0.38;-0.02;-24.50;1103.00;1213;1213
0.14;4;2244;71.99;21.27;20;20;-0.39;-0.23;-26.79;1104.00;1214;1214
0.14;4;2248;71.99;16.36;20;20;-0.50;-0.06;-29.30;1106.00;1216;1216
0.14;4;2251;73.63;18.00;20;20;-0.31;-0.14;-31.81;1107.00;1217;1217
0.14;4;2246;75.27;22.91;20;20;-0.51;-0.22;-34.18;1105.00;1214;1214
0.14;4;2240;73.63;27.82;20;20;-0.49;0.00;-36.25;1102.00;1211;1211
0.14;5;2235;73.63;29.45;20;20;-0.29;-0.12;-38.24;1100.00;1209;1209
0.14;4;2233;73.63;29.45;20;20;-0.48;-0.25;-40.24;1098.00;1207;1207
0.14;4;2234;73.63;27.82;20;20;-0.50;-0.02;-42.29;1099.00;1209;1209
0.14;3;2238;73.63;22.91;20;20;-0.32;-0.14;-44.57;1100.00;1210;1210
0.14;3;2241;70.36;26.18;20;20;-0.51;-0.26;-46.57;1102.00;1212;1212
0.14;3;2244;68.72;24.54;20;20;-0.54;-0.05;-48.56;1103.00;1213;1213
0.14;3;2249;70.36;21.27;20;20;-0.36;-0.15;-50.76;1106.00;1216;1216
0.14;4;2249;75.27;22.91;20;20;-0.57;-0.21;-53.13;1106.00;1216;1216
0.14;4;2252;73.63;19.63;20;20;-0.45;-0.03;-55.58;1108.00;1218;1218
0.14;3;2258;70.36;21.27;20;20;-0.38;-0.23;-57.80;1110.00;1220;1220
0.14;3;2254;70.36;27.82;20;20;-0.61;-0.22;-59.72;1108.00;1217;1217
0.14;4;2246;68.72;32.72;20;20;-0.58;0.01;-61.37;1105.00;1214;1214
0.14;4;2242;68.72;37.63;20;20;-0.34;0.02;-62.77;1103.00;1212;1212
0.14;4;2238;65.45;37.63;20;20;-0.26;-0.19;-64.02;0.00;1212;1212
0.14;4;2183;42.54;8.18;20;20;-0.36;-0.24;-65.57;0.00;1212;1212
0.13;4;2189;4.91;0.00;20;20;-0.37;-0.24;-65.78;0.00;1212;1212
0.14;4;2189;0.00;0.00;20;20;-0.37;-0.24;-65.78;0.00;1212;1212
0.13;4;2190;0.00;0.00;20;20;-0.37;-0.24;-65.78;0.00;1212;1212
0.13;4;2192;0.00;0.00;20;20;-0.37;-0.24;-65.78;0.00;1212;1212
0.13;4;2191;0.00;0.00;20;20;-0.37;-0.24;-65.78;0.00;1212;1212
0.13;4;2192;0.00;0.00;20;20;-0.37;-0.24;-65.78;0.00;1212;1212
0.13;4;2190;0.00;0.00;20;20;-0.37;-0.24;-65.78;0.00;1212;1212
0.13;4;2190;0.00;0.00;20;20;-0.37;-0.24;-65.78;0.00;1212;1212
0.13;4;2191;0.00;0.00;20;20;-0.37;-0.24;-65.78;0.00;1212;1212
0.13;4;2190;0.00;0.00;20;20;-0.37;-0.24;-65.78;0.00;1212;1212
0.13;4;2190;0.00;0.00;20;20;-0.37;-0.24;-65.78;0.00;1212;1212
0.13;4;2191;0.00;0.00;20;20;-0.37;-0.24;-65.78;0.00;1212;1212
0.13;4;2191;0.00;0.00;20;20;-0.37;-0.24;-65.78;0.00;1212;1212
0.13;4;2191;0.00;0.00;20;20;-0.37;-0.24;-65.78;0.00;1212;1212
0.14;4;2192;0.00;0.00;20;20;-0.37;-0.24;-65.78;0.00;1212;1212
0.13;4;2190;0.00;0.00;20;20;-0.37;-0.24;-65.78;0.00;1212;1212
0.13;4;2190;0.00;0.00;20;20;-0.37;-0.24;-65.78;0.00;1212;1212
0.13;4;2191;0.00;0.00;20;20;-0.37;-0.24;-65.78;0.00;1212;1212
0.13;4;2191;0.00;0.00;20;20;-0.37;-0.24;-65.78;0.00;1212;1212
0.13;4;2190;0.00;0.00;20;20;-0.37;-0.24;-65.78;0.00;1212;1212
0.13;4;2190;0.00;0.00;20;20;-0.37;-0.24;-65.78;0.00;1212;1212
0.13;4;2190;0.00;0.00;20;20;-0.37;-0.24;-65.78;0.00;1212;1212
0.13;4;2191;0.00;0.00;20;20;-0.37;-0.24;-65.78;0.00;1212;1212
0.13;4;2191;0.00;0.00;20;20;-0.37;-0.24;-65.78;0.00;1212;1212
0.13;4;2191;0.00;0.00;20;20;-0.37;-0.24;-65.78;0.00;1212;1212
0.13;4;2190;0.00;0.00;20;20;-0.37;-0.24;-65.78;0.00;1212;1212
0.13;4;2191;0.00;0.00;20;20;-0.37;-0.24;-65.78;0.00;1212;1212
0.13;4;2190;0.00;0.00;20;20;-0.37;-0.24;-65.78;0.00;1212;1212
0.14;4;2190;0.00;0.00;20;20;-0.37;-0.24;-65.78;0.00;1212;1212
0.13;4;2192;0.00;0.00;20;20;-0.37;-0.24;-65.78;0.00;1212;1212
0.13;4;2189;0.00;0.00;20;20;-0.37;-0.24;-65.78;0.00;1212;1212
0.13;4;2190;0.00;0.00;20;20;-0.37;-0.24;-65.78;0.00;1212;1212
0.13;4;2190;0.00;0.00;20;20;-0.37;-0.24;-65.78;0.00;1212;1212
0.13;4;2191;0.00;0.00;20;20;-0.37;-0.24;-65.78;0.00;1212;1212
0.13;4;2190;0.00;0.00;20;20;-0.37;-0.24;-65.78;0.00;1212;1212
0.13;4;2191;0.00;0.00;20;20;-0.37;-0.24;-65.78;0.00;1212;1212
0.13;4;2189;0.00;0.00;20;20;-0.37;-0.24;-65.78;0.00;1212;1212
0.13;4;2190;0.00;0.00;20;20;-0.37;-0.24;-65.78;0.00;1212;1212
0.13;4;2190;0.00;0.00;20;20;-0.37;-0.24;-65.78;0.00;1212;1212
0.13;4;151;0.00;0.00;20;20;-0.37;-0.24;-65.78;0.00;1212;1212
0.01;4;146;0.00;0.00;20;20;-0.37;-0.24;-65.78;0.00;1212;1212
0.01;4;132;0.00;0.00;20;20;-0.37;-0.24;-65.78;0.00;1212;1212
0.01;4;2189;0.00;0.00;20;20;-0.37;-0.24;-65.78;0.00;1212;1212
0.13;4;2190;0.00;0.00;20;20;-0.37;-0.24;-65.78;0.00;1212;1212
0.13;4;2191;0.00;0.00;20;20;-0.37;-0.24;-65.78;0.00;1212;1212
0.13;4;2190;0.00;0.00;20;20;-0.37;-0.24;-65.78;0.00;1212;1212
0.13;4;2191;0.00;0.00;20;20;-0.37;-0.24;-65.78;0.00;1212;1212
0.13;4;2190;0.00;0.00;20;20;-0.37;-0.24;-65.78;0.00;1212;1212
0.13;4;2189;0.00;0.00;20;20;-0.37;-0.24;-65.78;0.00;1212;1212
0.13;4;2191;0.00;0.00;20;20;-0.37;-0.24;-65.78;0.00;1212;1212
0.13;3;2191;0.00;0.00;20;20;-0.37;-0.24;-65.78;0.00;1212;1212
0.13;4;372;0.00;0.00;20;20;-0.37;-0.24;-65.78;0.00;1212;1212
0.03;4;3;0.00;0.00;20;20;-0.37;-0.24;-65.78;0.00;1212;1212
0.01;4;3;0.00;0.00;20;20;-0.37;-0.24;-65.78;0.00;1212;1212
0.02;4;4;0.00;0.00;20;20;-0.37;-0.24;-65.78;0.00;1212;1212
0.01;5;5;0.00;0.00;20;20;-0.37;-0.24;-65.78;0.00;1212;1212
0.02;5;6;0.00;0.00;20;20;-0.37;-0.24;-65.78;0.00;1212;1212
0.01;6;6;0.00;0.00;20;20;-0.37;-0.24;-65.78;0.00;1212;1212
0.02;6;7;0.00;0.00;20;20;-0.37;-0.24;-65.78;0.00;1212;1212
0.02;6;6;0.00;0.00;20;20;-0.37;-0.24;-65.78;0.00;1212;1212
0.01;7;7;0.00;0.00;20;20;-0.37;-0.24;-65.78;0.00;1212;1212
0.01;7;8;0.00;0.00;20;20;-0.37;-0.24;-65.78;0.00;1212;1212
0.02;8;9;0.00;0.00;20;20;-0.37;-0.24;-65.78;0.00;1212;1212
0.02;9;10;0.00;0.00;20;20;-0.37;-0.24;-65.78;0.00;1212;1212
0.02;10;11;0.00;0.00;20;20;-0.37;-0.24;-65.78;0.00;1212;1212
0.02;10;12;0.00;0.00;20;20;-0.37;-0.24;-65.78;0.00;1212;1212
0.02;12;13;0.00;0.00;20;20;-0.37;-0.24;-65.78;0.00;1212;1212
0.02;12;13;0.00;0.00;20;20;-0.37;-0.24;-65.78;0.00;1212;1212
0.02;12;13;0.00;0.00;20;20;-0.37;-0.24;-65.78;0.00;1212;1212
0.02;12;14;0.00;0.00;20;20;-0.37;-0.24;-65.78;0.00;1212;1212
0.02;16;14;0.00;0.00;20;20;-0.37;-0.24;-65.78;0.00;1212;1212
0.01;15;15;0.00;0.00;20;20;-0.37;-0.24;-65.78;0.00;1212;1212
0.02;16;16;0.00;0.00;20;20;-0.37;-0.24;-65.78;0.00;1212;1212
0.02;16;17;0.00;0.00;20;20;-0.37;-0.24;-65.78;0.00;1212;1212
0.02;16;18;0.00;0.00;20;20;-0.37;-0.24;-65.78;0.00;1212;1212
0.02;16;18;0.00;0.00;20;20;-0.37;-0.24;-65.78;0.00;1212;1212
0.02;17;19;0.00;0.00;20;20;-0.37;-0.24;-65.78;0.00;1212;1212
0.02;50;20;0.00;0.00;20;20;-0.37;-0.24;-65.78;0.00;1212;1212
0.02;19;21;0.00;0.00;20;20;-0.37;-0.24;-65.78;0.00;1212;1212
0.01;19;22;0.00;0.00;20;20;-0.37;-0.24;-65.78;0.00;1212;1212
0.02;19;22;0.00;0.00;20;20;-0.37;-0.24;-65.78;0.00;1212;1212
0.02;25;24;0.00;0.00;20;20;-0.37;-0.24;-65.78;0.00;1212;1212
0.02;25;23;0.00;0.00;20;20;-0.37;-0.24;-65.78;0.00;1212;1212
0.02;21;24;0.00;0.00;20;20;-0.37;-0.24;-65.78;0.00;1212;1212