100;86;89;0;0;0;0
100;88;89;0;0;0;0
100;87;89;0;0;0;0
100;88;89;0;0;0;0
100;88;89;0;0;0;0
100;87;89;0;0;0;0
100;87;89;0;0;0;0
100;87;89;0;0;0;0
100;88;89;0;0;0;0
100;89;90;0;0;0;0
100;90;90;0;0;0;0
100;88;90;0;0;0;0
100;90;90;0;0;0;0
100;89;90;0;0;0;0
100;88;90;0;0;0;0
100;89;91;0;0;0;0
100;88;90;0;0;0;0
100;87;90;0;0;0;0
100;90;90;0;0;0;0
100;89;90;0;0;0;0
100;88;90;0;0;0;0
100;88;90;0;0;0;0
100;89;90;0;0;0;0
100;89;90;0;0;0;0
100;88;90;0;0;0;0
100;88;90;0;0;0;0
100;90;90;0;0;0;0
100;88;89;0;0;0;0
100;88;88;0;0;0;0
100;84;85;0;0;0;0
100;83;82;0;0;0;0
100;77;77;0;0;0;0
100;72;73;0;0;0;0
100;68;68;0;0;0;0
100;62;64;0;0;0;0
100;56;58;0;0;0;0
100;51;53;0;0;0;0
100;45;47;0;0;0;0
100;40;40;0;0;0;0
100;34;34;0;0;0;0
100;29;28;0;0;0;0
100;27;27;0;0;0;0
100;29;29;0;0;0;0
100;32;33;0;0;0;0
100;36;39;0;0;0;0
100;42;45;0;0;0;0
100;48;51;0;0;0;0
100;53;58;0;0;0;0
100;59;62;0;0;0;0
100;61;63;0;0;0;0
100;61;63;0;0;0;0
100;61;63;0;0;0;0
100;61;63;0;0;0;0
100;61;63;0;0;0;0
100;61;63;0;0;0;0
100;61;63;0;0;0;0
100;61;64;0;0;0;0
100;61;63;0;0;0;0
100;61;63;0;0;0;0
100;61;63;0;0;0;0
100;61;63;0;0;0;0
100;61;63;0;0;0;0
100;61;63;0;0;0;0
100;61;63;0;0;0;0
100;61;63;0;0;0;0
100;61;64;0;0;0;0
100;61;63;0;0;0;0
100;61;63;0;0;0;0
100;61;63;0;0;0;0
100;61;63;0;0;0;0
100;61;63;0;0;0;0
100;61;63;0;0;0;0
100;61;63;0;0;0;0
100;61;63;0;0;0;0
100;61;63;0;0;0;0
