100;102;105;0;0;0;0
100;102;106;0;0;0;0
100;103;107;0;0;0;0
100;104;105;0;0;0;0
100;102;106;0;0;0;0
100;102;105;0;0;0;0
100;105;105;0;0;0;0
100;102;105;0;0;0;0
100;102;107;0;0;0;0
100;103;105;0;0;0;0
100;103;106;0;0;0;0
100;103;106;0;0;0;0
100;102;106;0;0;0;0
100;102;105;0;0;0;0
100;102;106;0;0;0;0
100;102;106;0;0;0;0
100;102;105;0;0;0;0
100;103;105;0;0;0;0
100;102;105;0;0;0;0
100;104;107;0;0;0;0
100;104;107;0;0;0;0
100;102;106;0;0;0;0
100;103;105;0;0;0;0
100;102;105;0;0;0;0
100;103;107;0;0;0;0
100;103;105;0;0;0;0
100;103;107;0;0;0;0
100;102;105;0;0;0;0
100;103;106;0;0;0;0
100;103;105;0;0;0;0
100;104;105;0;0;0;0
100;103;106;0;0;0;0
100;102;105;0;0;0;0
100;102;106;0;0;0;0
100;104;105;0;0;0;0
100;102;105;0;0;0;0
100;103;105;0;0;0;0
100;105;105;0;0;0;0
100;103;105;0;0;0;0
100;101;104;0;0;0;0
100;101;105;0;0;0;0
100;102;106;0;0;0;0
100;105;105;0;0;0;0
100;102;107;0;0;0;0
100;105;105;0;0;0;0
100;101;105;0;0;0;0
100;104;107;0;0;0;0
100;102;106;0;0;0;0
100;102;105;0;0;0;0
100;102;105;0;0;0;0
100;104;108;0;0;0;0
100;102;105;0;0;0;0
100;101;105;0;0;0;0
100;102;107;0;0;0;0
100;105;107;0;0;0;0
100;102;105;0;0;0;0
100;103;105;0;0;0;0
100;103;107;0;0;0;0
100;102;105;0;0;0;0
100;102;106;0;0;0;0
100;102;105;0;0;0;0
100;104;107;0;0;0;0
100;104;105;0;0;0;0
100;102;105;0;0;0;0
100;103;105;0;0;0;0
100;104;105;0;0;0;0
100;102;105;0;0;0;0
100;102;105;0;0;0;0
100;102;105;0;0;0;0
100;102;106;0;0;0;0
100;104;105;0;0;0;0
100;103;107;0;0;0;0
100;104;105;0;0;0;0
100;102;106;0;0;0;0
100;102;106;0;0;0;0
100;104;105;0;0;0;0
100;102;105;0;0;0;0
100;101;108;0;0;0;0
100;103;105;0;0;0;0
100;102;106;0;0;0;0
100;102;105;0;0;0;0
100;102;106;0;0;0;0
100;103;105;0;0;0;0
100;102;105;0;0;0;0
100;103;107;0;0;0;0
100;102;105;0;0;0;0
100;102;105;0;0;0;0
100;102;105;0;0;0;0
100;102;105;0;0;0;0
100;102;105;0;0;0;0
100;103;106;0;0;0;0
100;102;105;0;0;0;0
100;102;106;0;0;0;0
100;104;105;0;0;0;0
100;102;106;0;0;0;0
100;103;105;0;0;0;0
100;103;105;0;0;0;0
100;102;106;0;0;0;0
100;102;106;0;0;0;0
100;104;107;0;0;0;0
100;102;107;0;0;0;0
100;104;105;0;0;0;0
100;102;105;0;0;0;0
100;104;105;0;0;0;0
100;104;106;0;0;0;0
100;102;105;0;0;0;0
100;103;106;0;0;0;0
100;102;106;0;0;0;0
100;103;105;0;0;0;0
100;102;105;0;0;0;0
100;104;105;0;0;0;0
100;102;105;0;0;0;0
100;103;105;0;0;0;0
100;102;105;0;0;0;0
100;103;105;0;0;0;0
100;102;105;0;0;0;0
100;103;105;0;0;0;0
100;102;106;0;0;0;0
100;103;105;0;0;0;0
100;106;105;0;0;0;0
100;102;106;0;0;0;0
100;104;103;0;0;0;0
100;99;102;0;0;0;0
100;99;99;0;0;0;0
100;95;96;0;0;0;0
100;92;93;0;0;0;0
100;89;89;0;0;0;0
100;88;85;0;0;0;0
100;86;82;0;0;0;0
100;173;192;0;0;0;0
100;77;74;0;0;0;0
100;71;70;0;0;0;0
100;66;67;0;0;0;0
100;63;63;0;0;0;0
100;58;59;0;0;0;0
100;54;55;0;0;0;0
100;50;52;0;0;0;0
100;47;48;0;0;0;0
100;44;44;0;0;0;0
100;39;40;0;0;0;0
100;35;36;0;0;0;0
100;31;32;0;0;0;0
100;28;29;0;0;0;0
100;25;25;0;0;0;0
100;21;20;0;0;0;0
100;19;20;0;0;0;0
100;21;22;0;0;0;0
100;23;25;0;0;0;0
100;26;30;0;0;0;0
100;29;33;0;0;0;0
100;32;36;0;0;0;0
100;35;38;0;0;0;0
100;38;41;0;0;0;0
100;42;45;0;0;0;0
100;45;50;0;0;0;0
100;50;54;0;0;0;0
100;53;57;0;0;0;0
100;58;61;0;0;0;0
100;60;62;0;0;0;0
100;60;62;0;0;0;0
100;60;62;0;0;0;0
100;60;62;0;0;0;0
100;60;62;0;0;0;0
100;60;62;0;0;0;0
100;60;62;0;0;0;0
100;60;63;0;0;0;0
100;60;62;0;0;0;0
100;60;62;0;0;0;0
100;60;62;0;0;0;0
100;60;62;0;0;0;0
100;60;62;0;0;0;0
100;60;63;0;0;0;0
100;60;62;0;0;0;0
100;60;62;0;0;0;0
100;60;62;0;0;0;0
100;60;62;0;0;0;0
100;60;62;0;0;0;0
100;60;63;0;0;0;0
100;60;63;0;0;0;0
100;60;62;0;0;0;0
100;60;62;0;0;0;0
100;60;62;0;0;0;0
100;60;62;0;0;0;0
100;60;62;0;0;0;0
100;60;62;0;0;0;0
100;60;62;0;0;0;0
100;60;62;0;0;0;0
100;60;62;0;0;0;0
100;60;62;0;0;0;0
100;60;62;0;0;0;0
100;60;62;0;0;0;0
100;60;62;0;0;0;0
